[ 0.00000000e+000  0.00000000e+000  0.00000000e+000  0.00000000e+000
  1.00000000e+000  0.00000000e+000 -7.15730954e-301]|[ 0.00000000e+000  0.00000000e+000  0.00000000e+000  0.00000000e+000
  1.00000000e+000  0.00000000e+000 -7.15730954e-301]|[ 6.65051270e+000  1.00160282e+001  8.08161779e-007  1.07686766e-002
  9.89231323e-001  7.32665645e+001 -7.15730954e-301]|[-2.20743815e-003  6.03782093e-001  3.58402965e-008  3.91319702e-005
  9.99960868e-001  2.01802824e-001 -7.15730954e-301]|[-1.01521810e-002  1.28108326e+000  3.51199839e-008  1.76167572e-004
  9.99823832e-001  8.05688004e-001 -7.15730954e-301]|[-8.73819987e-003  5.60316581e-001  2.77760157e-008  3.37006445e-005
  9.99966299e-001  1.76727558e-001 -7.15730954e-301]|[ 3.32080078e+000  7.26445863e+000  4.71684831e-007  5.66471112e-003
  9.94335289e-001  3.04494578e+001 -7.15730954e-301]|[-9.73510742e-003  5.98077364e-001  3.45598591e-008  3.83960004e-005
  9.99961604e-001  1.97483328e-001 -7.15730954e-301]|[ 2.86845907e+000  1.12481512e+001  6.58428242e-007  1.35810562e-002
  9.86418944e-001  5.92031219e+001 -7.15730954e-301]|[-2.91239421e-002  6.51450393e-001  4.41498431e-008  4.55547804e-005
  9.99954445e-001  2.30851636e-001 -7.15730954e-301]|[ 0.00000000e+000  0.00000000e+000  0.00000000e+000  0.00000000e+000
  1.00000000e+000  0.00000000e+000 -7.15730954e-301]|[ 0.00000000e+000  0.00000000e+000  0.00000000e+000  0.00000000e+000
  1.00000000e+000  0.00000000e+000 -7.15730954e-301]|[ 0.00000000e+000  0.00000000e+000  0.00000000e+000  0.00000000e+000
  1.00000000e+000  0.00000000e+000 -7.15730954e-301]|[0. 0. 0. 0. 1. 0. 0.]|[ 6.77566528e+000  1.40246782e+001  6.87874629e-007  1.45623757e-002
  9.85437624e-001  1.13622385e+002 -7.15730954e-301]|[ 8.60463460e-001  1.23017730e+000  5.92461485e-008  1.12042253e-004
  9.99887958e-001  1.19479020e+000 -7.15730954e-301]|[ 8.52874756e-001  2.79578184e+000  6.64836106e-008  5.78699326e-004
  9.99421301e-001  4.27586582e+000 -7.15730954e-301]|[ 8.53881836e-001  1.20549010e+000  5.84020179e-008  1.07590448e-004
  9.99892410e-001  1.15935126e+000 -7.15730954e-301]|[ 3.34737142e-001  1.15231374e+001  1.81986585e-007  9.83077815e-003
  9.90169222e-001  5.77967006e+001 -7.15730954e-301]|[ 8.49324544e-001  1.21807373e+000  5.89611837e-008  1.09848359e-004
  9.99890152e-001  1.16971666e+000 -7.15730954e-301]|[ 2.03061930e+000  1.86723893e+001  6.19147832e-007  2.58134590e-002
  9.74186541e-001  1.33267223e+002 -7.15730954e-301]|[ 8.29060872e-001  1.22950318e+000  6.04543944e-008  1.11919491e-004
  9.99888081e-001  1.16595541e+000 -7.15730954e-301]|[ 0.00000000e+000  0.00000000e+000  0.00000000e+000  0.00000000e+000
  1.00000000e+000  0.00000000e+000 -7.15730954e-301]|[ 2.97342936e-002  7.41970980e+000  1.19422851e-007  4.88729577e-003
  9.95112704e-001  2.34883409e+001 -7.15730954e-301]|[ 7.42594401e-003  7.68224753e-001  6.53450169e-008  5.23927720e-005
  9.99947607e-001  3.33370413e-001 -7.15730954e-301]|[ 1.08846029e-003  7.41302927e-001  6.16733840e-008  4.87849893e-005
  9.99951215e-001  3.13717876e-001 -7.15730954e-301]|[ 9.25699870e-004  7.24115222e-001  6.16109837e-008  4.65489767e-005
  9.99953451e-001  3.00982473e-001 -7.15730954e-301]|[ 2.11690267e-002  5.94867455e+000  9.98647147e-008  3.14148654e-003
  9.96858513e-001  1.59317505e+001 -7.15730954e-301]|[-5.59488932e-004  7.62849721e-001  6.49144485e-008  5.16621847e-005
  9.99948338e-001  3.27924979e-001 -7.15730954e-301]|[ 1.08163554e+001  1.85180491e+001  1.29828833e-006  3.04428456e-002
  9.69557154e-001  2.12009014e+002 -7.15730954e-301]|[-1.73848470e-002  8.12794168e-001  7.03515146e-008  5.86483693e-005
  9.99941352e-001  3.67471083e-001 -7.15730954e-301]|[ 0.00000000e+000  0.00000000e+000  0.00000000e+000  0.00000000e+000
  1.00000000e+000  0.00000000e+000 -7.15730954e-301]|[ 0.00000000e+000  0.00000000e+000  0.00000000e+000  0.00000000e+000
  1.00000000e+000  0.00000000e+000 -7.15730954e-301]|[ 0.00000000e+000  0.00000000e+000  0.00000000e+000  0.00000000e+000
  1.00000000e+000  0.00000000e+000 -7.15730954e-301]|[0. 0. 0. 0. 1. 0. 0.]|[0. 0. 0. 0. 1. 0. 0.]|[2.49370626e+01 2.61249807e+01 7.55642740e-07 2.54268218e-02
 9.74573178e-01 6.82178414e+02 7.47372056e+00]|[2.49116821e+01 2.60901047e+01 7.55096696e-07 2.53589791e-02
 9.74641021e-01 6.80432811e+02 7.47372056e+00]|[2.49068197e+01 2.60824522e+01 7.54995213e-07 2.53441051e-02
 9.74655895e-01 6.80073120e+02 7.47372056e+00]|[2.49063416e+01 2.60819145e+01 7.54982949e-07 2.53430603e-02
 9.74656940e-01 6.80046723e+02 7.47372056e+00]|[2.49287313e+01 2.61137032e+01 7.55459098e-07 2.54048743e-02
 9.74595126e-01 6.81609345e+02 7.47372056e+00]|[2.49048665e+01 2.60815602e+01 7.54948921e-07 2.53423717e-02
 9.74657628e-01 6.79991420e+02 7.47372056e+00]|[2.49390259e+01 2.66622041e+01 7.67188719e-07 2.64833073e-02
 9.73516693e-01 6.93675999e+02 7.47372056e+00]|[2.48749084e+01 2.60539060e+01 7.54027396e-07 2.52886594e-02
 9.74711341e-01 6.78489497e+02 7.47372056e+00]|[0.         0.         0.         0.         1.         0.
 7.47372056]|[-2.60128255e+000  4.98049777e+000  8.88108180e-008  1.69852776e-003
  9.98301472e-001  1.74036223e+001  1.69626274e-316]|[4.97395833e-03 4.90110532e-01 1.23860845e-08 1.64480803e-05
 9.99983552e-01 1.21326514e-01 0.00000000e+00]|[7.03125000e-004 5.88109170e-001 1.23337748e-008 2.36833455e-005
 9.99976317e-001 1.73138798e-001 1.69667162e-316]|[1.00911458e-003 4.56000217e-001 1.18000366e-008 1.42382708e-005
 9.99985762e-001 1.05657560e-001 1.69561551e-316]|[-3.94983073e+00  5.36451011e+00  1.34098796e-07  1.97054921e-03
  9.98029451e-01  2.45889961e+01  0.00000000e+00]|[-3.38541667e-04  4.84243934e-01  1.22906584e-08  1.60566717e-05
  9.99983943e-01  1.18821262e-01  0.00000000e+00]|[-1.65533854e+00  8.27356955e+00  1.97623939e-07  4.68719469e-03
  9.95312805e-01  3.60345901e+01  0.00000000e+00]|[-1.60611979e-02  5.27431127e-01  1.46675466e-08  1.90484070e-05
  9.99980952e-01  1.40081907e-01  0.00000000e+00]|[0. 0. 0. 0. 1. 0. 0.]|[8.30333333e+00 1.19720831e+01 1.14575312e-07 8.13766197e-03
 9.91862338e-01 1.36763539e+02 0.00000000e+00]|[8.30421224e+000 1.14613668e+001 1.11743773e-007 7.45818279e-003
 9.92541817e-001 1.31125370e+002 2.65966288e-316]|[8.30174479e+000 1.14750928e+001 1.11835681e-007 7.47605706e-003
 9.92523943e-001 1.31252179e+002 8.09467273e-319]|[8.30165365e+000 1.14578530e+001 1.11722311e-007 7.45361045e-003
 9.92546390e-001 1.31054336e+002 6.22522714e-322]|[8.30195964e+000 1.18845628e+001 1.14048034e-007 8.01911819e-003
 9.91980882e-001 1.35827397e+002 6.22522714e-322]|[8.30136068e+00 1.14581897e+01 1.11722969e-07 7.45404846e-03
 9.92545952e-01 1.31053648e+02 6.97790460e-01]|[8.96377279e+00 1.33345007e+01 1.24592697e-07 1.00951718e-02
 9.89904828e-01 1.59689529e+02 0.00000000e+00]|[8.29354492e+00 1.14514494e+01 1.11673527e-07 7.44528135e-03
 9.92554719e-01 1.30887818e+02 0.00000000e+00]|[0. 0. 0. 0. 1. 0. 0.]|[ 1.60075989e+01  1.98437923e+01  1.53983188e-06  2.19010200e-02
  9.78098980e-01  3.43989520e+02 -1.45391514e-01]|[ 4.97680664e-01  7.99474925e-01  7.15893828e-08  3.55487793e-05
  9.99964451e-01  5.37523700e-01 -1.45391514e-01]|[ 1.22671051e+01  1.31823113e+01  1.22919975e-06  9.66491687e-03
  9.90335083e-01  1.72599167e+02 -1.45391514e-01]|[ 4.84268188e-01  6.98432694e-01  5.50822510e-08  2.71308949e-05
  9.99972869e-01  4.53921544e-01 -1.45391514e-01]|[ 1.51925964e+01  1.85905558e+01  1.47657678e-06  1.92220519e-02
  9.80777948e-01  3.05181306e+02 -1.45391514e-01]|[ 4.83947754e-01  7.78354007e-01  5.81278212e-08  3.36953001e-05
  9.99966305e-01  5.15379202e-01 -1.45391514e-01]|[ 1.26865387e+01  2.11360748e+01  1.45168790e-06  2.48464114e-02
  9.75153589e-01  3.10635981e+02 -1.45391514e-01]|[-2.82897949e-02  5.76089110e-01  7.25975476e-08  1.84584117e-05
  9.99981542e-01  1.67335118e-01 -1.45391514e-01]|[ 0.          0.          0.          0.          1.          0.
 -0.14539151]|[0.         0.         0.         0.         1.         0.
 7.47372056]|[0.00000000e+000 0.00000000e+000 0.00000000e+000 0.00000000e+000
 1.00000000e+000 0.00000000e+000 4.34267734e-315]|[ 4.54786174e+01  5.69082637e+01  3.74875851e-06  1.39574599e+00
 -3.95745993e-01  3.23831903e+03  7.47372056e+00]|[ 4.54074097e+01  5.68410881e+01  3.74547792e-06  1.39245281e+00
 -3.92452811e-01  3.23075779e+03  7.47372056e+00]|[ 4.53881327e+01  5.68181209e+01  3.74482230e-06  1.39132777e+00
 -3.91327765e-01  3.22823160e+03  7.47372056e+00]|[ 4.53833822e+01  5.68144167e+01  3.74456424e-06  1.39114636e+00
 -3.91146363e-01  3.22781597e+03  7.47372056e+00]|[ 4.54575704e+01  5.68865492e+01  3.74785789e-06  1.39468105e+00
 -3.94681046e-01  3.23588226e+03  7.47372056e+00]|[ 4.53860677e+01  5.68199625e+01  3.74455429e-06  1.39141796e+00
 -3.91417960e-01  3.22837276e+03  7.47372056e+00]|[ 5.11988017e+01  6.05698689e+01  4.54310128e-06  1.58113512e+00
 -5.81135124e-01  3.66075587e+03  7.47372056e+00]|[ 4.53345439e+01  5.67654057e+01  3.74286488e-06  1.38874725e+00
 -3.88747251e-01  3.22205321e+03  7.47372056e+00]|[0.         0.         0.         0.         1.         0.
 7.47372056]|[9.26239014e+00 1.08795030e+01 2.17570729e-06 5.29021524e-02
 9.47097848e-01 9.98829673e+01 7.47372056e+00]|[5.73435465e-01 1.17418609e+00 1.76299680e-07 6.16210491e-04
 9.99383790e-01 1.13634818e+00 7.47372056e+00]|[1.44535319e+00 2.02353804e+00 3.96038020e-07 1.83011329e-03
 9.98169887e-01 3.27177791e+00 7.47372056e+00]|[5.67148844e-01 1.15065422e+00 1.60710194e-07 5.91759029e-04
 9.99408241e-01 1.10639386e+00 7.47372056e+00]|[1.31884562e+01 1.42022526e+01 2.70315266e-06 9.01508224e-02
 9.09849178e-01 1.86878268e+02 7.47372056e+00]|[5.66080729e-01 1.16870230e+00 1.74572756e-07 6.10468171e-04
 9.99389532e-01 1.12776564e+00 7.47372056e+00]|[1.31819560e+01 1.58445875e+01 2.74954120e-06 1.12206264e-01
 8.87793736e-01 2.03263216e+02 7.47372056e+00]|[5.42643229e-01 1.19697087e+00 1.93295306e-07 6.40357333e-04
 9.99359643e-01 1.15000013e+00 7.47372056e+00]|[0.         0.         0.         0.         1.         0.
 7.47372056]|[5.18363444e+00 9.06739720e+00 3.69676840e-07 5.71362282e-03
 9.94286377e-01 5.02258714e+01 7.47372056e+00]|[5.00467936e+00 5.44580193e+00 2.31494155e-07 2.06096193e-03
 9.97939038e-01 2.94717365e+01 7.47372056e+00]|[4.99814860e+00 5.68197240e+00 2.34787453e-07 2.24359532e-03
 9.97756405e-01 3.06806396e+01 7.47372056e+00]|[4.99836222e+00 5.43539961e+00 2.31152416e-07 2.05309594e-03
 9.97946904e-01 2.93836701e+01 7.47372056e+00]|[3.22396851e+00 7.89440980e+00 2.55616017e-07 4.33097444e-03
 9.95669026e-01 3.19540436e+01 7.47372056e+00]|[4.99874878e+00 5.44079630e+00 2.31202779e-07 2.05717491e-03
 9.97942825e-01 2.94217142e+01 7.47372056e+00]|[8.12016805e+00 1.20229785e+01 6.45736637e-07 1.00454738e-02
 9.89954526e-01 9.60735803e+01 7.47372056e+00]|[4.97580973e+00 5.42392155e+00 2.30510942e-07 2.04443395e-03
 9.97955566e-01 2.92084020e+01 7.47372056e+00]|[0.         0.         0.         0.         1.         0.
 7.47372056]|[0. 0. 0. 0. 1. 0. 0.]|[6.55415790e+00 9.47345795e+00 4.02218444e-07 4.64812131e-03
 9.95351879e-01 6.89222701e+01 0.00000000e+00]|[9.58533654e-03 4.96381135e-01 2.43052086e-08 1.27611827e-05
 9.99987239e-01 1.25031265e-01 0.00000000e+00]|[4.13206505e+00 4.87098462e+00 3.14172196e-07 1.22883594e-03
 9.98771164e-01 2.27064360e+01 0.00000000e+00]|[7.41060697e-03 4.79002463e-01 2.36271152e-08 1.18832678e-05
 9.99988117e-01 1.16889365e-01 0.00000000e+00]|[5.61325871e+00 8.44481565e+00 3.73301450e-07 3.69352240e-03
 9.96306478e-01 5.30199617e+01 0.00000000e+00]|[6.56926082e-03 4.95491240e-01 2.41614013e-08 1.27154681e-05
 9.99987285e-01 1.24450186e-01 0.00000000e+00]|[7.99846004e+00 1.22851845e+01 4.51507865e-07 7.81670565e-03
 9.92183294e-01 1.06793682e+02 6.96346527e-01]|[-5.18329327e-04  5.19272501e-01  2.52553373e-08  1.39653247e-05
  9.99986035e-01  1.36253159e-01  6.96346527e-01]|[0.         0.         0.         0.         1.         0.
 0.69634653]|[0.         0.         0.         0.         1.         0.
 7.47372056]|[0.         0.         0.         0.         1.         0.
 7.47372056]|[1.58315023e+00 1.89346378e+00 7.67861413e-08 1.97582563e-04
 9.99802417e-01 3.28447832e+00 7.47372056e+00]|[1.55217489e+00 1.81411846e+00 7.56312263e-08 1.81370186e-04
 9.99818630e-01 3.05391011e+00 7.47372056e+00]|[1.54470825e+00 1.78136136e+00 7.53913669e-08 1.74879405e-04
 9.99825121e-01 2.97956149e+00 7.47372056e+00]|[1.54449463e+00 1.78143845e+00 7.53837823e-08 1.74894541e-04
 9.99825105e-01 2.97920153e+00 7.47372056e+00]|[1.57324219e+00 1.85922181e+00 7.64334103e-08 1.90500895e-04
 9.99809499e-01 3.18762689e+00 7.47372056e+00]|[1.54719035e+00 1.80470723e+00 7.54684616e-08 1.79493252e-04
 9.99820507e-01 3.02672704e+00 7.47372056e+00]|[1.58396403e+00 5.34880365e+00 1.31147079e-07 1.57669584e-03
 9.98423304e-01 1.47975659e+01 7.47372056e+00]|[1.52173869e+00 1.80643122e+00 7.46917606e-08 1.79836348e-04
 9.99820164e-01 2.98622822e+00 7.47372056e+00]|[0.         0.         0.         0.         1.         0.
 7.47372056]|[0.         0.         0.         0.         1.         0.
 7.47372056]|[0.         0.         0.         0.         1.         0.
 7.47372056]|[0.         0.         0.         0.         1.         0.
 7.47372056]|[0.         0.         0.         0.         1.         0.
 7.47372056]|[1.22027778e-001 1.13246695e+001 1.78774099e-006 8.50586215e-003
 9.91494138e-001 5.99992256e+001 1.97626258e-323]|[3.15277778e-002 7.00019841e-001 1.97214225e-007 3.25003448e-005
 9.99967500e-001 2.43881329e-001 1.97626258e-323]|[9.22222222e-003 5.72518801e-001 1.65183677e-007 2.17393610e-005
 9.99978261e-001 1.65917324e-001 1.97626258e-323]|[1.21111111e-002 5.69600250e-001 1.65087870e-007 2.15182828e-005
 9.99978482e-001 1.64808430e-001 1.97626258e-323]|[-3.41913889e+000  1.08725483e+001  1.25027058e-006  7.84025082e-003
  9.92159749e-001  6.25168159e+001  1.97626258e-323]|[4.36111111e-003 6.90792620e-001 1.85826448e-007 3.16491935e-005
 9.99968351e-001 2.38370699e-001 1.97626258e-323]|[8.53600000e+000 1.72894364e+001 3.18144693e-006 1.98257188e-002
 9.80174281e-001 1.71229948e+002 1.97626258e-323]|[-2.96388889e-002  7.79084220e-001  2.55858971e-007  4.02565066e-005
  9.99959743e-001  3.06916668e-001  1.97626258e-323]|[0.e+000 0.e+000 0.e+000 0.e+000 1.e+000 0.e+000 2.e-323]|[0.         0.         0.         0.         1.         0.
 7.47372056]|[7.53434245e+00 8.05841103e+00 2.48997313e-07 2.49769326e-03
 9.97502307e-01 6.46435577e+01 7.47372056e+00]|[7.51636759e+00 8.01781070e+00 2.48535268e-07 2.47258864e-03
 9.97527411e-01 6.41109890e+01 7.47372056e+00]|[7.50739543e+00 8.00411309e+00 2.48357463e-07 2.46414752e-03
 9.97535852e-01 6.39091913e+01 7.47372056e+00]|[7.50796509e+00 8.00218362e+00 2.48339146e-07 2.46295965e-03
 9.97537040e-01 6.38991514e+01 7.47372056e+00]|[7.52287801e+00 8.03881132e+00 2.48718705e-07 2.48555823e-03
 9.97514442e-01 6.43565010e+01 7.47372056e+00]|[7.50680542e+00 8.00490992e+00 2.48305810e-07 2.46463817e-03
 9.97535362e-01 6.39115155e+01 7.47372056e+00]|[5.57511393e+00 6.31981032e+00 1.90379869e-07 1.53620212e-03
 9.98463798e-01 3.74909849e+01 7.47372056e+00]|[7.48521932e+00 7.98577443e+00 2.47735666e-07 2.45286897e-03
 9.97547131e-01 6.35504028e+01 7.47372056e+00]|[0.         0.         0.         0.         1.         0.
 7.47372056]|[4.91910807e+00 7.20585152e+00 5.20971389e-07 2.62303027e-03
 9.97376970e-01 3.91962378e+01 7.47372056e+00]|[6.50329590e-01 1.06177212e+00 5.16267597e-08 5.69502083e-05
 9.99943050e-01 8.89592990e-01 7.47372056e+00]|[6.48518880e-01 1.02176629e+00 5.13856831e-08 5.27394777e-05
 9.99947261e-01 8.47159442e-01 7.47372056e+00]|[6.48254395e-01 1.02211468e+00 5.13740668e-08 5.27754493e-05
 9.99947225e-01 8.47576391e-01 7.47372056e+00]|[5.87272135e+00 7.79679802e+00 5.99989288e-07 3.07089702e-03
 9.96929103e-01 4.97966385e+01 7.47372056e+00]|[6.40757243e-01 1.04678268e+00 5.12363155e-08 5.53535839e-05
 9.99944646e-01 8.65961620e-01 7.47372056e+00]|[6.26263428e+00 1.14499324e+01 7.14021346e-07 6.62275259e-03
 9.93377247e-01 8.78551429e+01 7.47372056e+00]|[6.23708089e-01 1.08271498e+00 5.39122697e-08 5.92189873e-05
 9.99940781e-01 8.93087562e-01 7.47372056e+00]|[0.         0.         0.         0.         1.         0.
 7.47372056]|[0. 0. 0. 0. 1. 0. 0.]|[0. 0. 0. 0. 1. 0. 0.]|[0. 0. 0. 0. 1. 0. 0.]|[0. 0. 0. 0. 1. 0. 0.]|[ 0.  0.  0.  0.  1.  0. -2.]|[6.09760000e+00 2.98889233e+01 3.65748018e-05 7.67062328e-02
 9.23293767e-01 2.15810572e+02 0.00000000e+00]|[8.72888889e-02 1.01201669e+00 4.49415688e-06 8.79397978e-05
 9.99912060e-01 5.33952285e-01 0.00000000e+00]|[7.47537778e+00 1.35593182e+01 2.60930434e-05 1.57864988e-02
 9.84213501e-01 1.11531461e+02 0.00000000e+00]|[4.92444444e-02 8.78281150e-01 3.12622648e-06 6.62334287e-05
 9.99933767e-01 3.93137012e-01 0.00000000e+00]|[9.35431111e+00 3.05885498e+01 3.82343545e-05 8.03392715e-02
 9.19660729e-01 2.72299839e+02 0.00000000e+00]|[5.28000000e-02 1.02023962e+00 4.46996617e-06 8.93746774e-05
 9.99910625e-01 5.37646542e-01 0.00000000e+00]|[9.67057778e+00 3.07420841e+01 3.83331936e-05 8.11477956e-02
 9.18852204e-01 2.75089713e+02 0.00000000e+00]|[3.64444444e-02 1.00142121e+00 4.14745762e-06 8.61080367e-05
 9.99913892e-01 5.28149884e-01 0.00000000e+00]|[0. 0. 0. 0. 1. 0. 0.]|[3.09479793e+000 1.26802892e+001 2.97139384e-007 6.77587708e-003
 9.93224123e-001 1.37294728e+002 5.01970696e-321]|[3.82737380e-03 4.60777555e-01 6.39801395e-09 8.94725536e-06
 9.99991053e-01 1.06983234e-01 0.00000000e+00]|[2.64596605e+000 3.73768109e+000 1.18129614e-007 5.88723926e-004
 9.99411276e-001 1.27915741e+001 1.70111011e-316]|[1.43479567e-03 4.38280554e-01 5.80944161e-09 8.09490215e-06
 9.99991905e-01 9.67917810e-02 0.00000000e+00]|[1.38185096e+000 9.81608751e+000 2.25558541e-007 4.06054233e-003
 9.95939458e-001 7.63411012e+001 4.18967668e-321]|[1.49864784e-03 4.57324702e-01 6.34901515e-09 8.81366462e-06
 9.99991186e-01 1.05258961e-01 0.00000000e+00]|[-4.91893780e+000  1.88205021e+001  3.45704900e-007  1.49268995e-002
  9.85073100e-001  2.96285768e+002  4.06382235e-317]|[-5.74293870e-03  4.86803774e-01  6.87938801e-09  9.98654063e-06
  9.99990013e-01  1.18553022e-01  0.00000000e+00]|[0. 0. 0. 0. 1. 0. 0.]|[ 3.28147380e+00  9.46536419e+00  5.64646684e-07  8.44130130e-03
  9.91558699e-01  4.82024670e+01 -2.00000000e+00]|[ 3.75366211e-03  6.50653530e-01  4.55111373e-08  3.98872711e-05
  9.99960113e-01  2.17734026e-01 -2.00000000e+00]|[-3.90625000e-03  1.10490959e+00  4.36010661e-08  1.15023937e-04
  9.99884976e-01  6.10371338e-01 -2.00000000e+00]|[-3.98763021e-03  6.16841279e-01  3.87331368e-08  3.58493762e-05
  9.99964151e-01  1.96741764e-01 -2.00000000e+00]|[ 1.25041707e+00  8.08268038e+00  3.89576396e-07  6.15524799e-03
  9.93844752e-01  3.09723756e+01 -2.00000000e+00]|[-4.63867188e-03  6.44519413e-01  4.48524585e-08  3.91387319e-05
  9.99960861e-01  2.14500091e-01 -2.00000000e+00]|[ 5.69356283e-01  1.54130356e+01  7.19272070e-07  2.23826295e-02
  9.77617370e-01  8.11877459e+01 -2.00000000e+00]|[ 1.74479167e-01  8.12011572e-01  5.31038203e-08  6.21239671e-05
  9.99937876e-01  4.00704342e-01 -2.00000000e+00]|[ 0.  0.  0.  0.  1.  0. -2.]|[ 1.86145020e+00  3.23706925e+00  1.52443531e-07  6.76803048e-04
  9.99323197e-01  6.93493290e+00 -2.00000000e+00]|[ 1.39576213e+00  1.65198510e+00  6.88455943e-08  1.76266823e-04
  9.99823733e-01  2.52975731e+00 -2.00000000e+00]|[ 1.38729858e+00  1.71931513e+00  6.97068780e-08  1.90927855e-04
  9.99809072e-01  2.62903712e+00 -2.00000000e+00]|[ 1.38727824e+00  1.63194941e+00  6.65549721e-08  1.72017134e-04
  9.99827983e-01  2.48711563e+00 -2.00000000e+00]|[ 1.85898844e+00  3.02772763e+00  1.46873075e-07  5.92095735e-04
  9.99407904e-01  6.30745974e+00 -2.00000000e+00]|[ 1.38512166e+00  1.64336020e+00  6.85481099e-08  1.74431073e-04
  9.99825569e-01  2.50416806e+00 -2.00000000e+00]|[ 2.38712565e+00  6.36719709e+00  2.24839277e-07  2.61851406e-03
  9.97381486e-01  2.14950923e+01 -2.00000000e+00]|[ 8.31115723e-01  1.11405081e+00  4.81770500e-08  8.01619593e-05
  9.99919838e-01  1.03291398e+00 -2.00000000e+00]|[ 0.  0.  0.  0.  1.  0. -2.]|[0. 0. 0. 0. 1. 0. 0.]|[ 0.  0.  0.  0.  1.  0. -2.]|[ 0.  0.  0.  0.  1.  0. -2.]|[ 0.  0.  0.  0.  1.  0. -2.]|[ 7.53345744e+00  9.22152754e+00  3.38188360e-07  6.45497628e-03
  9.93545024e-01  7.64277681e+01 -2.00000000e+00]|[ 8.00212606e+00  8.83909889e+00  3.48826038e-07  5.93068559e-03
  9.94069314e-01  7.78021418e+01 -2.00000000e+00]|[ 7.99453735e+00  8.82715299e+00  3.48537683e-07  5.91466597e-03
  9.94085334e-01  7.76233406e+01 -2.00000000e+00]|[ 7.99367269e+00  8.82632610e+00  3.48502386e-07  5.91355789e-03
  9.94086442e-01  7.76085072e+01 -2.00000000e+00]|[ 8.00699870e+00  9.39525373e+00  3.54890009e-07  6.70048041e-03
  9.93299520e-01  8.26474423e+01 -2.00000000e+00]|[ 7.99187215e+00  8.82754365e+00  3.48424554e-07  5.91518951e-03
  9.94084810e-01  7.75995691e+01 -2.00000000e+00]|[ 1.20618591e+01  1.48251950e+01  6.20401282e-07  1.66835991e-02
  9.83316401e-01  1.80812322e+02 -2.00000000e+00]|[ 8.49079386e+00  9.35604801e+00  3.70246377e-07  6.64467584e-03
  9.93355324e-01  8.71696278e+01 -2.00000000e+00]|[ 0.  0.  0.  0.  1.  0. -2.]|[0. 0. 0. 0. 1. 0. 0.]|[ 1.55589803e+00  2.36439045e+00  7.90539284e-08  3.13893893e-04
  9.99686106e-01  4.20638788e+00 -2.00000000e+00]|[ 1.52403768e+00  1.79961578e+00  7.47811702e-08  1.81846127e-04
  9.99818154e-01  2.97945907e+00 -2.00000000e+00]|[ 1.52194214e+00  1.77493684e+00  7.47105487e-08  1.76892851e-04
  9.99823107e-01  2.93178006e+00 -2.00000000e+00]|[ 1.52231852e+00  1.77539815e+00  7.47234073e-08  1.76984811e-04
  9.99823015e-01  2.93317831e+00 -2.00000000e+00]|[ 1.54794312e+00  1.91153905e+00  7.61989580e-08  2.05168565e-04
  9.99794831e-01  3.23323598e+00 -2.00000000e+00]|[ 1.51713053e+00  1.78797615e+00  7.45418523e-08  1.79501432e-04
  9.99820499e-01  2.94581932e+00 -2.00000000e+00]|[ 7.30654907e+00  1.15578586e+01  5.79323405e-07  7.50065569e-03
  9.92499344e-01  8.96716313e+01 -2.00000000e+00]|[ 1.49251302e+00  1.78910799e+00  7.42576751e-08  1.79728762e-04
  9.99820271e-01  2.91005946e+00 -2.00000000e+00]|[ 0.  0.  0.  0.  1.  0. -2.]|[ 9.99958293e+00  1.67711185e+01  9.95488970e-07  1.57178249e-02
  9.84282175e-01  1.87479790e+02 -2.00000000e+00]|[ 1.36718750e-02  8.24986683e-01  5.13289713e-08  3.80331474e-05
  9.99961967e-01  4.00519545e-01 -2.00000000e+00]|[ 4.95402018e-03  2.68124158e+00  5.40853235e-08  4.01735565e-04
  9.99598264e-01  3.54218951e+00 -2.00000000e+00]|[ 5.33040365e-03  7.91970713e-01  4.43666942e-08  3.50498880e-05
  9.99964950e-01  3.77210206e-01 -2.00000000e+00]|[ 9.52274577e+00  1.56586233e+01  9.52062741e-07  1.37017344e-02
  9.86298266e-01  1.66564902e+02 -2.00000000e+00]|[ 4.84212240e-03  8.16982328e-01  4.97028049e-08  3.72987017e-05
  9.99962701e-01  3.94351812e-01 -2.00000000e+00]|[ 9.51792399e+00  2.19711961e+01  1.07464168e-06  2.69758907e-02
  9.73024109e-01  2.54615123e+02 -2.00000000e+00]|[-1.79138184e-02  8.56155190e-01  5.45914875e-08  4.09612666e-05
  9.99959039e-01  4.26860452e-01 -2.00000000e+00]|[ 0.  0.  0.  0.  1.  0. -2.]|[ 0.  0.  0.  0.  1.  0. -2.]|[ 1.79863485e+00  3.42867445e+00  1.06207774e-07  7.84435347e-04
  9.99215565e-01  7.73618532e+00 -2.00000000e+00]|[ 1.78322347e+00  2.09786598e+00  8.99249305e-08  2.93670371e-04
  9.99706330e-01  4.19679502e+00 -2.00000000e+00]|[ 1.77554321e+00  2.07848476e+00  8.81890665e-08  2.88269263e-04
  9.99711731e-01  4.14644454e+00 -2.00000000e+00]|[ 1.77538045e+00  2.07851901e+00  8.82911209e-08  2.88278766e-04
  9.99711721e-01  4.14664905e+00 -2.00000000e+00]|[ 1.78994751e+00  2.98743946e+00  1.01155872e-07  5.95528948e-04
  9.99404471e-01  6.38094749e+00 -2.00000000e+00]|[ 1.77670288e+00  2.09093259e+00  8.95149670e-08  2.91732434e-04
  9.99708268e-01  4.17224910e+00 -2.00000000e+00]|[ 2.31024170e+00  7.94129257e+00  1.99622021e-07  4.20810961e-03
  9.95791890e-01  2.94397809e+01 -2.00000000e+00]|[ 1.75008138e+00  2.08989851e+00  8.79928649e-08  2.91443950e-04
  9.99708556e-01  4.13194825e+00 -2.00000000e+00]|[ 0.  0.  0.  0.  1.  0. -2.]|[ 2.61260986e-01  2.18598580e+00  4.91352755e-08  3.81558663e-04
  9.99618441e-01  2.40761833e+00 -2.00000000e+00]|[ 2.20652262e-01  8.03289390e-01  3.88544503e-08  5.15241346e-05
  9.99948476e-01  4.06938100e-01 -2.00000000e+00]|[ 2.17671712e-01  7.55580907e-01  3.35383749e-08  4.55856964e-05
  9.99954414e-01  3.69618692e-01 -2.00000000e+00]|[ 2.17600505e-01  7.52038517e-01  3.36144297e-08  4.51592596e-05
  9.99954841e-01  3.66841557e-01 -2.00000000e+00]|[ 2.50956217e-01  1.84615949e+00  4.48782122e-08  2.72147956e-04
  9.99727852e-01  1.74036149e+00 -2.00000000e+00]|[ 2.12229411e-01  7.97468376e-01  3.83713714e-08  5.07801038e-05
  9.99949220e-01  4.03906265e-01 -2.00000000e+00]|[ 2.95247396e-01  5.14959324e+00  6.94640124e-08  2.11744675e-03
  9.97882553e-01  1.23330452e+01 -2.00000000e+00]|[ 1.99829102e-01  8.68465181e-01  4.42975972e-08  6.02242592e-05
  9.99939776e-01  4.55209160e-01 -2.00000000e+00]|[ 0.  0.  0.  0.  1.  0. -2.]|[ 4.36590576e+00  5.37459687e+00  2.75431132e-07  3.36620752e-03
  9.96633792e-01  2.68606316e+01 -2.00000000e+00]|[ 4.34738159e+00  5.01663797e+00  2.70742156e-07  2.93274713e-03
  9.97067253e-01  2.49764366e+01 -2.00000000e+00]|[ 4.34201050e+00  5.00374514e+00  2.70439375e-07  2.91769210e-03
  9.97082308e-01  2.48799266e+01 -2.00000000e+00]|[ 4.34115601e+00  5.00273668e+00  2.70406580e-07  2.91651615e-03
  9.97083484e-01  2.48699787e+01 -2.00000000e+00]|[ 4.35954793e+00  5.27701750e+00  2.74230444e-07  3.24508566e-03
  9.96754914e-01  2.63199184e+01 -2.00000000e+00]|[ 4.34125773e+00  5.00945659e+00  2.70364978e-07  2.92435662e-03
  9.97075643e-01  2.49096803e+01 -2.00000000e+00]|[ 4.35673014e+00  6.87606526e+00  3.04026475e-07  5.50971426e-03
  9.94490286e-01  3.46397637e+01 -2.00000000e+00]|[ 4.31659953e+00  4.99061721e+00  2.68775521e-07  2.90240235e-03
  9.97097598e-01  2.46869711e+01 -2.00000000e+00]|[ 0.  0.  0.  0.  1.  0. -2.]|[0. 0. 0. 0. 1. 0. 0.]|[0. 0. 0. 0. 1. 0. 0.]|[0. 0. 0. 0. 1. 0. 0.]|[ 0.  0.  0.  0.  1.  0. -2.]|[1.21353027e+000 1.71762605e+000 2.66383708e-008 3.18137548e-004
 9.99681862e-001 2.35282046e+000 1.70200437e-316]|[-6.98242187e-004  2.73030948e-001  1.63116591e-009  8.03861899e-006
  9.99991961e-001  3.67807119e-002  6.91075997e-310]|[8.64638672e-001 9.75340485e-001 1.71196659e-008 1.02581771e-004
 9.99897418e-001 8.75468084e-001 6.91075997e-310]|[-1.52832031e-003  2.39873013e-001  1.08902663e-009  6.20469549e-006
  9.99993795e-001  2.83931200e-002  2.12199579e-314]|[1.21262695e+000 1.66287590e+000 2.64278248e-008 2.98179216e-004
 9.99701821e-001 2.23603668e+000 1.26692384e-316]|[-2.26074219e-003  2.67739744e-001  1.59798100e-009  7.73006912e-006
  9.99992270e-001  3.53701784e-002  1.58101007e-322]|[1.21026855e+000 2.03208036e+000 2.81745522e-008 4.45286417e-004
 9.99554714e-001 3.10087914e+000 6.91075997e-310]|[-7.15576172e-003  3.06867203e-001  1.93991446e-009  1.01545023e-005
  9.99989845e-001  4.63533289e-002  6.91075997e-310]|[0.00000000e+000 0.00000000e+000 0.00000000e+000 0.00000000e+000
 1.00000000e+000 0.00000000e+000 3.47672034e-309]|[1.36460156e+01 2.61482218e+01 6.97307348e-06 7.79871921e-02
 9.22012808e-01 4.06983698e+02 0.00000000e+00]|[7.90625000e-02 8.70643919e-01 9.09170284e-07 8.64609701e-05
 9.99913539e-01 3.89459826e-01 0.00000000e+00]|[1.33483333e+01 1.44057063e+01 6.06143825e-06 2.36705352e-02
 9.76329465e-01 2.01960922e+02 0.00000000e+00]|[5.90625000e-02 7.58768190e-01 6.23732306e-07 6.56685147e-05
 9.99934331e-01 2.94911801e-01 0.00000000e+00]|[1.98128385e+01 2.77330790e+01 7.45692601e-06 8.77273762e-02
 9.12272624e-01 5.65755444e+02 0.00000000e+00]|[5.55468750e-02 8.52615461e-01 8.23943975e-07 8.29173416e-05
 9.99917083e-01 3.69361200e-01 0.00000000e+00]|[1.59081510e+01 3.12622572e+01 7.59894859e-06 1.11475550e-01
 8.88524450e-01 5.37865237e+02 0.00000000e+00]|[1.09114583e-02 9.21799079e-01 9.50842458e-07 9.69195752e-05
 9.99903080e-01 4.33870185e-01 0.00000000e+00]|[0. 0. 0. 0. 1. 0. 0.]|[ 0.  0.  0.  0.  1.  0. -2.]|[ 0.  0.  0.  0.  1.  0. -2.]|[ 0.  0.  0.  0.  1.  0. -2.]|[ 1.98780314e+00  5.22985171e+00  1.50451323e-07  1.42831990e-03
  9.98571680e-01  1.54857043e+01 -2.00000000e+00]|[ 1.99418132e+00  2.31407868e+00  9.04919498e-08  2.79642374e-04
  9.99720358e-01  5.13385349e+00 -2.00000000e+00]|[ 1.98603312e+00  2.52986515e+00  9.44309314e-08  3.34226965e-04
  9.99665773e-01  5.63285001e+00 -2.00000000e+00]|[ 1.98550415e+00  2.29646086e+00  8.99098323e-08  2.75400571e-04
  9.99724599e-01  5.07636889e+00 -2.00000000e+00]|[ 2.46538289e+00  5.21409024e+00  1.90930494e-07  1.41972368e-03
  9.98580276e-01  1.63859744e+01 -2.00000000e+00]|[ 1.98446655e+00  2.30468971e+00  9.00084548e-08  2.77377777e-04
  9.99722622e-01  5.09508906e+00 -2.00000000e+00]|[ 1.97939046e+00  8.37216579e+00  2.16771754e-07  3.66034801e-03
  9.96339652e-01  3.32011545e+01 -2.00000000e+00]|[ 1.96007284e+00  2.29596469e+00  8.91187885e-08  2.75281577e-04
  9.99724718e-01  5.02463336e+00 -2.00000000e+00]|[ 0.  0.  0.  0.  1.  0. -2.]|[ 1.04148153e+01  1.46025977e+01  1.14679748e-06  1.58111335e-02
  9.84188867e-01  1.56629336e+02 -2.00000000e+00]|[ 1.53526815e+00  2.05539783e+00  1.00967132e-07  3.13252502e-04
  9.99686747e-01  3.89999723e+00 -2.00000000e+00]|[ 1.53096517e+00  2.61864077e+00  1.02340795e-07  5.08457445e-04
  9.99491543e-01  5.16255129e+00 -2.00000000e+00]|[ 1.53068034e+00  2.03934186e+00  9.92229336e-08  3.08377602e-04
  9.99691622e-01  3.86341806e+00 -2.00000000e+00]|[ 1.31304626e+01  1.63091331e+01  1.35418453e-06  1.97226159e-02
  9.80277384e-01  2.21247357e+02 -2.00000000e+00]|[ 1.52728271e+00  2.04506022e+00  1.00341271e-07  3.10109425e-04
  9.99689891e-01  3.86600863e+00 -2.00000000e+00]|[ 1.31254781e+01  2.09827885e+01  1.44880893e-06  3.26459394e-02
  9.67354061e-01  2.79526592e+02 -2.00000000e+00]|[ 1.50856527e+00  2.05391502e+00  1.06065103e-07  3.12800690e-04
  9.99687199e-01  3.85398971e+00 -2.00000000e+00]|[ 0.  0.  0.  0.  1.  0. -2.]|[1.07562500e+00 1.69862843e+01 2.09061704e-06 1.94988620e-02
 9.80501138e-01 1.16127466e+02 0.00000000e+00]|[1.79166667e-02 7.79790303e-01 1.45597777e-07 4.10930284e-05
 9.99958907e-01 3.13346287e-01 0.00000000e+00]|[-4.27083333e-03  1.63737277e+00  1.42070797e-07  1.81178898e-04
  9.99818821e-01  1.33732905e+00  0.00000000e+00]|[-5.18229167e-03  7.03913909e-01  1.28834355e-07  3.34850986e-05
  9.99966515e-01  2.55308737e-01  0.00000000e+00]|[2.06588542e-01 1.56923291e+01 1.74863458e-06 1.66413021e-02
 9.83358698e-01 9.68668961e+01 0.00000000e+00]|[-6.79687500e-03  7.73907160e-01  1.45028044e-07  4.04753131e-05
  9.99959525e-01  3.09757830e-01  0.00000000e+00]|[8.57325521e+00 2.59159373e+01 3.48010092e-06 4.53885522e-02
 9.54611448e-01 2.37541092e+02 0.00000000e+00]|[-4.96875000e-02  8.51224608e-01  1.67056167e-07  4.89666991e-05
  9.99951033e-01  3.68440724e-01  0.00000000e+00]|[0. 0. 0. 0. 1. 0. 0.]|[ 0.  0.  0.  0.  1.  0. -2.]|[ 0.  0.  0.  0.  1.  0. -2.]|[6.15125237e+00 9.80958197e+00 2.68510374e-07 4.97055484e-03
 9.95029445e-01 7.77320438e+01 0.00000000e+00]|[1.22248577e-02 5.21597131e-01 1.69251700e-08 1.40531686e-05
 9.99985947e-01 1.39284712e-01 6.91124200e-01]|[ 2.60059535e+000  3.20663708e+000  1.69040751e-007  5.31133248e-004
  9.99468867e-001  9.46154306e+000 -4.04213444e-174]|[ 1.00047438e-002  5.09646043e-001  1.66426769e-008  1.34165601e-005
  9.99986583e-001  1.32863663e-001 -1.71437544e-191]|[6.55050996e+00 9.10977838e+00 2.58665120e-07 4.28666447e-03
 9.95713336e-01 6.65952511e+01 6.91124200e-01]|[9.82447818e-03 5.19382388e-01 1.68916099e-08 1.39340802e-05
 9.99986066e-01 1.37697026e-01 6.91124200e-01]|[ 8.42703510e+000  1.36748450e+001  3.16082835e-007  9.65936755e-003
  9.90340632e-001  1.51540699e+002 -1.88952629e-257]|[ 5.11622391e-003  5.35045530e-001  1.73457330e-008  1.47871796e-005
  9.99985213e-001  1.46371512e-001 -5.41275865e-245]|[0.00000000e+000 0.00000000e+000 0.00000000e+000 0.00000000e+000
 1.00000000e+000 0.00000000e+000 3.18360082e-286]|[ 0.  0.  0.  0.  1.  0. -2.]|[ 1.31941732e+00  2.74071067e+00  1.13159696e-07  5.12877696e-04
  9.99487122e-01  4.77678928e+00 -2.00000000e+00]|[ 1.32264201e+00  1.61477968e+00  7.43777970e-08  1.78038524e-04
  9.99821961e-01  2.36972546e+00 -2.00000000e+00]|[ 1.31484985e+00  1.62622963e+00  7.44478815e-08  1.80572317e-04
  9.99819428e-01  2.38214318e+00 -2.00000000e+00]|[ 1.31394450e+00  1.59524924e+00  7.33454558e-08  1.73757887e-04
  9.99826242e-01  2.33086542e+00 -2.00000000e+00]|[ 1.31232707e+00  2.56962179e+00  1.05549428e-07  4.50843533e-04
  9.99549156e-01  4.32576658e+00 -2.00000000e+00]|[ 1.31237793e+00  1.60812300e+00  7.36335150e-08  1.76573676e-04
  9.99823426e-01  2.35164200e+00 -2.00000000e+00]|[ 9.39953613e+00  1.22867081e+01  7.40751772e-07  1.03076227e-02
  9.89692377e-01  1.18944706e+02 -2.00000000e+00]|[ 1.28866577e+00  1.60884080e+00  7.45455268e-08  1.76731343e-04
  9.99823269e-01  2.32294300e+00 -2.00000000e+00]|[ 0.  0.  0.  0.  1.  0. -2.]|[ 1.01335653e+00  6.53246864e+00  3.15872206e-07  4.21723293e-03
  9.95782767e-01  2.04569422e+01 -2.00000000e+00]|[ 6.25457764e-01  1.09138975e+00  6.94181304e-08  1.17715232e-04
  9.99882285e-01  9.61086781e-01 -2.00000000e+00]|[ 2.78969320e+00  3.05010179e+00  3.81890040e-07  9.19393836e-04
  9.99080606e-01  8.59424519e+00 -2.00000000e+00]|[ 6.18408203e-01  1.05755782e+00  6.58365308e-08  1.10530253e-04
  9.99889470e-01  9.18451488e-01 -2.00000000e+00]|[ 1.70144653e+00  5.94585743e+00  3.88496838e-07  3.49383109e-03
  9.96506169e-01  1.83021073e+01 -2.00000000e+00]|[ 6.16821289e-01  1.07748320e+00  6.88414942e-08  1.14734476e-04
  9.99885266e-01  9.37158749e-01 -2.00000000e+00]|[ 4.58603923e+00  1.22034693e+01  8.40013397e-07  1.47176864e-02
  9.85282314e-01  7.90077888e+01 -2.00000000e+00]|[ 5.95011393e-01  1.09790876e+00  7.25304761e-08  1.19125688e-04
  9.99880874e-01  9.45153693e-01 -2.00000000e+00]|[ 0.  0.  0.  0.  1.  0. -2.]|[7.33078265e+00 1.09812388e+01 3.91350034e-07 7.81729969e-03
 9.92182700e-01 9.02456526e+01 0.00000000e+00]|[2.39292690e-02 7.97896317e-01 4.39391740e-08 4.12711921e-05
 9.99958729e-01 3.26764141e-01 0.00000000e+00]|[5.15396205e+00 5.93016170e+00 3.05812548e-07 2.27974969e-03
 9.97720250e-01 3.34777926e+01 0.00000000e+00]|[2.12262835e-02 7.81522274e-01 4.02002425e-08 3.95946778e-05
 9.99960405e-01 3.14836350e-01 0.00000000e+00]|[8.93716169e+00 1.19914109e+01 4.31727314e-07 9.32169011e-03
 9.90678310e-01 1.18128520e+02 0.00000000e+00]|[2.15297154e-02 7.96382463e-01 4.35267882e-08 4.11147325e-05
 9.99958885e-01 3.25894357e-01 0.00000000e+00]|[1.15001535e+01 1.67718322e+01 5.09949357e-07 1.82353924e-02
 9.81764608e-01 2.10718528e+02 0.00000000e+00]|[1.55726842e-02 8.17346893e-01 4.49296171e-08 4.33078800e-05
 9.99956692e-01 3.42212714e-01 0.00000000e+00]|[0. 0. 0. 0. 1. 0. 0.]|[-1.43237305e+00  6.86291403e+00  1.33911478e-07  4.11049131e-03
  9.95889509e-01  2.15401290e+01 -2.00000000e+00]|[ 1.49693807e+00  1.86079417e+00  9.17383944e-08  3.02185269e-04
  9.99697815e-01  3.23917058e+00 -2.00000000e+00]|[ 1.49113973e+00  1.83961566e+00  9.15756969e-08  2.95345810e-04
  9.99704654e-01  3.18696826e+00 -2.00000000e+00]|[ 1.49153646e+00  1.83882198e+00  9.15792483e-08  2.95091018e-04
  9.99704909e-01  3.18601187e+00 -2.00000000e+00]|[ 1.06083171e+00  5.41106669e+00  9.59601335e-08  2.55530291e-03
  9.97444697e-01  1.38976524e+01 -2.00000000e+00]|[ 1.85869344e+00  2.22955072e+00  1.11163609e-07  4.33821757e-04
  9.99566178e-01  4.76097482e+00 -2.00000000e+00]|[ 4.68140666e+00  1.46338639e+01  7.96190875e-07  1.86893691e-02
  9.81310631e-01  9.14868551e+01 -2.00000000e+00]|[ 1.46613566e+00  1.84788610e+00  9.62546153e-08  2.98007375e-04
  9.99701993e-01  3.16511620e+00 -2.00000000e+00]|[ 0.  0.  0.  0.  1.  0. -2.]|[4.20217778e+00 1.78152257e+01 5.03057263e-06 1.97830691e-02
 9.80216931e-01 1.51930361e+02 0.00000000e+00]|[4.46666667e-02 8.57567620e-01 5.08952335e-07 4.58403325e-05
 9.99954160e-01 3.70624725e-01 0.00000000e+00]|[1.16444444e-02 7.17340768e-01 3.68577649e-07 3.20746582e-05
 9.99967925e-01 2.61932855e-01 0.00000000e+00]|[1.47555556e-02 7.04903461e-01 3.67655995e-07 3.09720745e-05
 9.99969028e-01 2.53094647e-01 0.00000000e+00]|[3.08671111e+00 1.71419965e+01 4.84423029e-06 1.83161341e-02
 9.81683866e-01 1.53686903e+02 0.00000000e+00]|[3.02222222e-03 8.20839678e-01 4.48391456e-07 4.19979115e-05
 9.99958002e-01 3.43069330e-01 0.00000000e+00]|[6.12644444e+00 2.06332773e+01 5.71442139e-06 2.65367322e-02
 9.73463268e-01 1.85862334e+02 0.00000000e+00]|[-3.57777778e-02  8.87468309e-01  5.17053960e-07  4.90926774e-05
  9.99950907e-01  4.03517174e-01  0.00000000e+00]|[0. 0. 0. 0. 1. 0. 0.]|[0. 0. 0. 0. 1. 0. 0.]|[ 2.22316691e+01  2.40227134e+01  9.15776158e-07  3.90952388e-02
  9.60904761e-01  5.76382173e+02 -2.00000000e+00]|[ 2.22164714e+01  2.39945249e+01  9.15340009e-07  3.90035430e-02
  9.60996457e-01  5.75256524e+02 -2.00000000e+00]|[ 2.22018026e+01  2.39756707e+01  9.14908725e-07  3.89422714e-02
  9.61057729e-01  5.74390707e+02 -2.00000000e+00]|[ 2.22010905e+01  2.39749108e+01  9.14885084e-07  3.89398029e-02
  9.61060197e-01  5.74354498e+02 -2.00000000e+00]|[ 2.22237956e+01  2.40099111e+01  9.15547808e-07  3.90535802e-02
  9.60946420e-01  5.75844981e+02 -2.00000000e+00]|[ 2.22060852e+01  2.39821620e+01  9.15031628e-07  3.89633612e-02
  9.61036639e-01  5.74669976e+02 -2.00000000e+00]|[ 2.15835673e+01  2.41331731e+01  9.14730170e-07  3.94555959e-02
  9.60544404e-01  5.59350702e+02 -2.00000000e+00]|[ 2.21771139e+01  2.39525268e+01  9.13930544e-07  3.88671253e-02
  9.61132875e-01  5.73189811e+02 -2.00000000e+00]|[ 0.  0.  0.  0.  1.  0. -2.]|[0.000000e+000 0.000000e+000 0.000000e+000 0.000000e+000 1.000000e+000
 0.000000e+000 8.321552e-317]|[1.24356771e+01 1.79980468e+01 6.57191734e-07 1.88124948e-02
 9.81187505e-01 2.67231632e+02 0.00000000e+00]|[9.75304688e+00 1.24979665e+01 4.88901051e-07 9.07140073e-03
 9.90928599e-01 1.55086620e+02 0.00000000e+00]|[9.73861979e+00 1.26110752e+01 4.91150393e-07 9.23633919e-03
 9.90763661e-01 1.56183871e+02 0.00000000e+00]|[9.74089844e+00 1.24742949e+01 4.88368199e-07 9.03707019e-03
 9.90962930e-01 1.54567572e+02 0.00000000e+00]|[1.24303125e+01 1.75957514e+01 6.48002379e-07 1.79808938e-02
 9.82019106e-01 2.62227103e+02 0.00000000e+00]|[9.73839844e+00 1.24790277e+01 4.88262153e-07 9.04392888e-03
 9.90956071e-01 1.54627553e+02 0.00000000e+00]|[1.10630469e+01 2.02335298e+01 7.09310499e-07 2.37760085e-02
 9.76223991e-01 2.58245445e+02 0.00000000e+00]|[9.70484375e+00 1.24659077e+01 4.87579910e-07 9.02492190e-03
 9.90975078e-01 1.54207501e+02 0.00000000e+00]|[0. 0. 0. 0. 1. 0. 0.]|[0.00000000e+000 0.00000000e+000 0.00000000e+000 0.00000000e+000
 1.00000000e+000 0.00000000e+000 1.02942292e-308]|[4.39758301e-02 1.13790611e+00 3.44504013e-08 5.98743471e-05
 9.99940126e-01 7.01438657e-01 0.00000000e+00]|[7.40559896e-03 6.67972557e-01 3.25823758e-08 2.06321825e-05
 9.99979368e-01 2.52358486e-01 0.00000000e+00]|[-1.73950195e-03  5.94700103e-01  3.04883312e-08  1.63539986e-05
  9.99983646e-01  2.09061684e-01  0.00000000e+00]|[-3.24503581e-03  5.96459348e-01  3.05375909e-08  1.64508987e-05
  9.99983549e-01  2.09895165e-01  0.00000000e+00]|[3.27657064e-02 7.18757077e-01 3.27839400e-08 2.38886824e-05
 9.99976111e-01 2.97894323e-01 0.00000000e+00]|[2.32950846e-03 6.56614172e-01 3.22488437e-08 1.99364778e-05
 9.99980064e-01 2.46825534e-01 0.00000000e+00]|[-3.74226888e-01  7.56856141e+00  1.39231288e-07  2.64883318e-03
  9.97351167e-01  2.39252269e+01  0.00000000e+00]|[4.07613118e-01 9.68823502e-01 4.09158018e-08 4.34027513e-05
 9.99956597e-01 6.77145118e-01 0.00000000e+00]|[0. 0. 0. 0. 1. 0. 0.]|[0. 0. 0. 0. 1. 0. 0.]|[3.95483398e+00 4.52695783e+00 1.66995809e-07 1.14178845e-03
 9.98858212e-01 1.96470275e+01 0.00000000e+00]|[3.95325724e+00 4.37975119e+00 1.65828907e-07 1.06873892e-03
 9.98931261e-01 1.89835808e+01 0.00000000e+00]|[3.94157918e+00 4.35700470e+00 1.65529276e-07 1.05766664e-03
 9.98942333e-01 1.88114539e+01 0.00000000e+00]|[3.94267782e+00 4.35752065e+00 1.65555909e-07 1.05791715e-03
 9.98942083e-01 1.88200233e+01 0.00000000e+00]|[3.94851685e+00 4.43592599e+00 1.65959467e-07 1.09633008e-03
 9.98903670e-01 1.92074800e+01 0.00000000e+00]|[3.94048055e+00 4.36043077e+00 1.65498294e-07 1.05933066e-03
 9.98940669e-01 1.88196526e+01 0.00000000e+00]|[3.94120280e+00 8.36964663e+00 2.49138627e-07 3.90289613e-03
 9.96097104e-01 3.90520745e+01 0.00000000e+00]|[3.91577148e+00 4.34192061e+00 1.64551688e-07 1.05035596e-03
 9.98949644e-01 1.86231590e+01 0.00000000e+00]|[0. 0. 0. 0. 1. 0. 0.]|[6.01749674e+00 1.06908032e+01 4.77674372e-07 6.44363543e-03
 9.93556365e-01 6.84349863e+01 0.00000000e+00]|[2.91317749e+00 3.28457947e+00 1.28630366e-07 6.08232800e-04
 9.99391767e-01 1.05495911e+01 0.00000000e+00]|[2.90533447e+00 3.62431241e+00 1.30891823e-07 7.40562199e-04
 9.99259438e-01 1.16693109e+01 0.00000000e+00]|[2.90513102e+00 3.26878834e+00 1.28267662e-07 6.02398508e-04
 9.99397601e-01 1.04695537e+01 0.00000000e+00]|[5.45665487e+00 9.69289952e+00 4.18412846e-07 5.29685042e-03
 9.94703150e-01 5.71010168e+01 0.00000000e+00]|[2.90428670e+00 3.27315625e+00 1.28336874e-07 6.04009491e-04
 9.99395991e-01 1.04770583e+01 0.00000000e+00]|[6.81518555e-01 1.36664841e+01 4.32788275e-07 1.05298912e-02
 9.89470109e-01 6.73620890e+01 0.00000000e+00]|[3.39615885e+00 3.81318033e+00 1.48496579e-07 8.19756702e-04
 9.99180243e-01 1.42722326e+01 0.00000000e+00]|[0. 0. 0. 0. 1. 0. 0.]|[2.98751831e+00 8.94308503e+00 1.96521271e-07 4.25280690e-03
 9.95747193e-01 3.94454853e+01 0.00000000e+00]|[5.63156128e+00 6.24778851e+00 2.30714028e-07 2.07564742e-03
 9.97924353e-01 3.87839214e+01 0.00000000e+00]|[5.62576294e+00 6.47248455e+00 2.33031657e-07 2.22762964e-03
 9.97772370e-01 4.01338955e+01 0.00000000e+00]|[5.62563070e+00 6.23623158e+00 2.30547116e-07 2.06797560e-03
 9.97932024e-01 3.86663780e+01 0.00000000e+00]|[4.00670369e+00 8.69051991e+00 2.83104079e-07 4.01598850e-03
 9.95984011e-01 4.16798365e+01 0.00000000e+00]|[5.62454224e+00 6.23951350e+00 2.30450394e-07 2.07015279e-03
 9.97929847e-01 3.86830357e+01 0.00000000e+00]|[3.03533936e+00 1.35989603e+01 3.69341840e-07 9.83359588e-03
 9.90166404e-01 7.01699151e+01 0.00000000e+00]|[5.59979248e+00 6.21688656e+00 2.29684499e-07 2.05516563e-03
 9.97944834e-01 3.83657938e+01 0.00000000e+00]|[0. 0. 0. 0. 1. 0. 0.]|[2.07377014e+01 2.17744039e+01 8.22568101e-07 3.08872906e-02
 9.69112709e-01 4.73716829e+02 0.00000000e+00]|[2.06999003e+01 2.17266526e+01 8.21436256e-07 3.07519676e-02
 9.69248032e-01 4.71704857e+02 0.00000000e+00]|[2.06926371e+01 2.17158948e+01 8.21228531e-07 3.07215219e-02
 9.69278478e-01 4.71282517e+02 0.00000000e+00]|[2.06926168e+01 2.17158972e+01 8.21228046e-07 3.07215285e-02
 9.69278471e-01 4.71281836e+02 0.00000000e+00]|[2.07278341e+01 2.17617303e+01 8.22274807e-07 3.08513459e-02
 9.69148654e-01 4.73177276e+02 0.00000000e+00]|[2.06893819e+01 2.17141798e+01 8.21118680e-07 3.07166696e-02
 9.69283330e-01 4.71173306e+02 0.00000000e+00]|[2.07405802e+01 2.22980101e+01 8.36465351e-07 3.23906364e-02
 9.67609364e-01 4.83612522e+02 0.00000000e+00]|[2.06732686e+01 2.17027390e+01 8.20348442e-07 3.06843100e-02
 9.69315690e-01 4.70621827e+02 0.00000000e+00]|[0. 0. 0. 0. 1. 0. 0.]|[2.49463908e+00 5.56688457e+00 3.90145116e-07 2.55596725e-03
 9.97444033e-01 1.80660117e+01 0.00000000e+00]|[3.10262044e-03 6.85788886e-01 4.93630257e-08 3.87892817e-05
 9.99961211e-01 2.65344393e-01 0.00000000e+00]|[-2.66520182e-03  6.26998757e-01  4.56238723e-08  3.24238224e-05
  9.99967576e-01  2.26918136e-01  0.00000000e+00]|[-3.78417969e-03  6.27436656e-01  4.56573531e-08  3.24691281e-05
  9.99967531e-01  2.26945650e-01  0.00000000e+00]|[8.80854289e+00 9.92433891e+00 9.58761725e-07 8.12332868e-03
 9.91876671e-01 9.20189833e+01 0.00000000e+00]|[-3.66210938e-03  6.77483856e-01  4.84734487e-08  3.78554796e-05
  9.99962145e-01  2.59925500e-01  0.00000000e+00]|[8.27319336e+00 1.35039343e+01 9.89948508e-07 1.50401264e-02
 9.84959874e-01 1.18894804e+02 0.00000000e+00]|[-2.32747396e-02  7.32572033e-01  5.37703127e-08  4.42620497e-05
  9.99955738e-01  2.97587985e-01  0.00000000e+00]|[0. 0. 0. 0. 1. 0. 0.]|[6.67640177e+00 1.07782392e+01 7.08640408e-07 8.28145660e-03
 9.91718543e-01 7.92376674e+01 0.00000000e+00]|[5.52368164e-03 7.78504290e-01 5.12306657e-08 4.32049109e-05
 9.99956795e-01 3.59457479e-01 0.00000000e+00]|[-2.48209635e-03  1.43817919e+00  5.07518305e-08  1.47447391e-04
  9.99852553e-01  1.06849306e+00  0.00000000e+00]|[-1.94295247e-03  7.49586203e-01  4.67628655e-08  4.00547718e-05
  9.99959945e-01  3.39033906e-01  0.00000000e+00]|[3.43003337e+00 8.29034239e+00 4.58443570e-07 4.89954813e-03
 9.95100452e-01 3.79995709e+01 0.00000000e+00]|[-2.95003255e-03  7.73319120e-01  4.96832175e-08  4.26313013e-05
  9.99957369e-01  3.56555082e-01  0.00000000e+00]|[5.59876506e+00 1.37790719e+01 7.28588035e-07 1.35347746e-02
 9.86465225e-01 9.61893052e+01 0.00000000e+00]|[-2.39257812e-02  8.16284755e-01  5.45684225e-08  4.75000935e-05
  9.99952500e-01  3.87145030e-01  0.00000000e+00]|[0. 0. 0. 0. 1. 0. 0.]|[0. 0. 0. 0. 1. 0. 0.]|[-7.59665560e-01  1.59758252e+00  1.07895287e-08  1.74179918e-04
  9.99825820e-01  1.69231335e+00  6.91124200e-01]|[1.69354839e-03 4.47574106e-01 3.89779673e-09 1.36710347e-05
 9.99986329e-01 1.01431097e-01 6.91124200e-01]|[-6.04838710e-004  4.76006374e-001  3.87940432e-009  1.54631161e-005
  9.99984537e-001  1.14533658e-001 -1.75338687e-233]|[-4.90986717e-004  4.32922310e-001  3.81346580e-009  1.27906146e-005
  9.99987209e-001  9.49445981e-002 -2.57220282e-239]|[-7.60362903e-01  1.53488761e+00  1.06497685e-08  1.60777266e-04
  9.99839223e-01  1.59633487e+00  6.91124200e-01]|[-2.70398482e-04  4.45348083e-01  3.88423804e-09  1.35353862e-05
  9.99986465e-01  1.00545240e-01  6.91124200e-01]|[-5.07463710e+000  6.47595740e+000  6.16466162e-008  2.86206468e-003
  9.97137935e-001  3.80025584e+001 -4.40355793e-290]|[-4.55407970e-003  4.62805364e-001  3.99796889e-009  1.46173365e-005
  9.99985383e-001  1.08247649e-001 -1.97532539e-233]|[ 0.00000000e+000  0.00000000e+000  0.00000000e+000  0.00000000e+000
  1.00000000e+000  0.00000000e+000 -7.48924074e-242]|[0.       0.       0.       0.       1.       0.       7.261804]|[4.33959961e-02 7.12652464e-01 3.23722632e-08 4.15608864e-05
 9.99958439e-01 2.87865868e-01 7.26180400e+00]|[4.53694661e-03 5.80530609e-01 2.93522891e-08 2.75790603e-05
 9.99972421e-01 1.69839125e-01 7.26180400e+00]|[-6.09334310e-03  4.99297602e-01  2.54147127e-08  2.04008461e-05
  9.99979599e-01  1.27093520e-01  7.26180400e+00]|[-6.75455729e-03  5.01665520e-01  2.55332655e-08  2.05948069e-05
  9.99979405e-01  1.28173906e-01  7.26180400e+00]|[2.97342936e-02 6.43358308e-01 3.00980629e-08 3.38715480e-05
 9.99966128e-01 2.19430731e-01 7.26180400e+00]|[-5.54402669e-03  5.67962123e-01  2.87504764e-08  2.63978141e-05
  9.99973602e-01  1.63393881e-01  7.26180400e+00]|[5.91023763e-02 5.27651723e+00 6.94843819e-08 2.27836836e-03
 9.97721632e-01 1.26432915e+01 7.26180400e+00]|[-2.36206055e-02  6.54122917e-01  3.29435373e-08  3.50145015e-05
  9.99964985e-01  2.16618789e-01  7.26180400e+00]|[0.       0.       0.       0.       1.       0.       7.261804]|[0.e+000 0.e+000 0.e+000 0.e+000 1.e+000 0.e+000 2.e-323]|[-2.60128255e+00  4.98049777e+00  8.88108180e-08  1.69852776e-03
  9.98301472e-01  1.74036223e+01  0.00000000e+00]|[4.97395833e-03 4.90110532e-01 1.23860845e-08 1.64480803e-05
 9.99983552e-01 1.21326514e-01 0.00000000e+00]|[7.03125000e-04 5.88109170e-01 1.23337748e-08 2.36833455e-05
 9.99976317e-01 1.73138798e-01 0.00000000e+00]|[1.00911458e-03 4.56000217e-01 1.18000366e-08 1.42382708e-05
 9.99985762e-01 1.05657560e-01 0.00000000e+00]|[-3.94983073e+00  5.36451011e+00  1.34098796e-07  1.97054921e-03
  9.98029451e-01  2.45889961e+01  0.00000000e+00]|[-3.38541667e-04  4.84243934e-01  1.22906584e-08  1.60566717e-05
  9.99983943e-01  1.18821262e-01  0.00000000e+00]|[-1.65533854e+00  8.27356955e+00  1.97623939e-07  4.68719469e-03
  9.95312805e-01  3.60345901e+01  0.00000000e+00]|[-1.60611979e-002  5.27431127e-001  1.46675466e-008  1.90484070e-005
  9.99980952e-001  1.40081907e-001  5.23709585e-322]|[0.0000000e+000 0.0000000e+000 0.0000000e+000 0.0000000e+000
 1.0000000e+000 0.0000000e+000 1.2547722e-316]|[2.69165039e-02 3.54850080e+00 6.71046383e-08 7.99111361e-04
 9.99200889e-01 5.88724350e+00 7.26180400e+00]|[3.23486328e-03 6.90880067e-01 4.53430079e-08 3.02916420e-05
 9.99969708e-01 2.71817275e-01 7.26180400e+00]|[-4.52677409e-03  8.07129940e-01  4.38507013e-08  4.13432302e-05
  9.99958657e-01  3.57224901e-01  7.26180400e+00]|[-4.66918945e-03  6.30630562e-01  4.34052971e-08  2.52387312e-05
  9.99974761e-01  2.32193132e-01  7.26180400e+00]|[1.84427897e-02 3.04153345e+00 5.92422059e-08 5.87087297e-04
 9.99412913e-01 4.39267887e+00 7.26180400e+00]|[-5.44230143e-03  6.83619791e-01  4.50864762e-08  2.96583336e-05
  9.99970342e-01  2.66341773e-01  7.26180400e+00]|[-2.32320150e-01  1.17901307e+01  6.53488223e-07  8.82174966e-03
  9.91178250e-01  7.52617701e+01  7.26180400e+00]|[2.66794840e-01 9.02803026e-01 5.25296629e-08 5.17253577e-05
 9.99948275e-01 5.44298603e-01 7.26180400e+00]|[0.       0.       0.       0.       1.       0.       7.261804]|[4.91319444e-03 4.95798318e-01 1.37658815e-09 1.36428515e-05
 9.99986357e-01 1.36629885e-01 0.00000000e+00]|[-1.04166667e-04  2.01384100e-01  5.12583799e-10  2.25084406e-06
  9.99997749e-01  2.01850903e-02  0.00000000e+00]|[5.12152778e-04 7.52887958e-02 3.29972992e-11 3.14597853e-07
 9.99999685e-01 2.80214251e-03 0.00000000e+00]|[1.56250000e-04 3.77307714e-02 1.41187030e-11 7.90107932e-08
 9.99999921e-01 7.13608459e-04 0.00000000e+00]|[2.29600694e-03 4.48981293e-01 1.12820670e-09 1.11879765e-05
 9.99988812e-01 1.11587046e-01 0.00000000e+00]|[-2.64756944e-03  1.86292408e-01  4.38546838e-10  1.92612897e-06
  9.99998074e-01  1.72771182e-02  0.00000000e+00]|[5.48177083e-03 1.65153942e+00 5.48690663e-09 1.51381548e-04
 9.99848618e-01 1.38030168e+00 0.00000000e+00]|[-2.63932292e-02  3.10234846e-01  1.60216145e-09  5.34165957e-06
  9.99994658e-01  4.89467648e-02  0.00000000e+00]|[ 0.00000000e+000  0.00000000e+000  0.00000000e+000  0.00000000e+000
  1.00000000e+000  0.00000000e+000 -2.79986566e+197]|[0. 0. 0. 0. 1. 0. 0.]|[0. 0. 0. 0. 1. 0. 0.]|[0.       0.       0.       0.       1.       0.       7.261804]|[0.       0.       0.       0.       1.       0.       7.261804]|[0.       0.       0.       0.       1.       0.       7.261804]|[0.       0.       0.       0.       1.       0.       7.261804]|[8.98280000e+00 3.19204769e+01 1.01584907e-05 8.54887922e-02
 9.14511208e-01 3.26417780e+02 0.00000000e+00]|[7.79111111e-02 9.94495964e-01 1.31483182e-06 8.29805844e-05
 9.99917019e-01 5.02003504e-01 0.00000000e+00]|[6.31044444e+00 8.87598758e+00 6.25290770e-06 6.61003580e-03
 9.93389964e-01 6.10417086e+01 0.00000000e+00]|[4.34666667e-02 8.66871771e-01 9.34617663e-07 6.30492842e-05
 9.99936951e-01 3.84670541e-01 0.00000000e+00]|[8.12888889e+00 3.06356771e+01 9.90265287e-06 7.87454386e-02
 9.21254561e-01 3.19117292e+02 0.00000000e+00]|[4.42666667e-02 9.81880282e-01 1.31211013e-06 8.08886369e-05
 9.99919111e-01 4.89792446e-01 0.00000000e+00]|[8.11640000e+00 3.30287451e+01 1.04322997e-05 9.15281291e-02
 9.08471871e-01 3.07075091e+02 0.00000000e+00]|[1.27555556e-02 1.01493295e+00 1.36269460e-06 8.64261450e-05
 9.99913574e-01 5.21486629e-01 0.00000000e+00]|[0. 0. 0. 0. 1. 0. 0.]|