[1.93033854e-002 5.66507714e-001 9.09409649e-008 3.73747144e-005
 9.99962625e-001 1.62025985e-001 1.14623230e-321]|[3.58728027e+00 3.87351912e+00 1.42350916e-07 8.17225030e-04
 9.99182775e-01 1.48361773e+01 7.26180400e+00]|[5.62992350e+00 6.44223569e+00 3.09808894e-07 3.43071105e-03
 9.96569289e-01 4.11416584e+01 7.26180400e+00]|[5.62042236e+00 6.43479887e+00 3.09184485e-07 3.42279491e-03
 9.96577205e-01 4.10547515e+01 7.26180400e+00]|[3.59529622e+00 3.87861842e+00 1.42880715e-07 8.19378119e-04
 9.99180622e-01 1.48727376e+01 7.26180400e+00]|[8.87977091e+00 1.09188387e+01 8.19628800e-07 3.07147772e-02
 9.69285223e-01 1.19043595e+02 7.26180400e+00]|[8.88237508e+00 1.09214526e+01 8.23000649e-07 3.07294847e-02
 9.69270515e-01 1.19092783e+02 7.26180400e+00]|[-1.63042196e+00  1.02526172e+01  6.03479616e-07  6.70724073e-03
  9.93292759e-01  9.94074839e+01  7.26180400e+00]|[1.74996512e-002 5.41864268e-001 2.03063212e-008 3.36273793e-005
 9.99966373e-001 1.49002114e-001 2.37151510e-322]|[1.02599080e+00 1.31505904e+00 5.15266148e-08 9.10104245e-05
 9.99908990e-01 1.57919417e+00 7.26180400e+00]|[8.57890625e-01 3.20954387e+00 2.80773892e-07 1.10157724e-03
 9.98898423e-01 5.43075903e+00 0.00000000e+00]|[7.80942222e+000 2.25299011e+001 8.94003358e-006 4.25881731e-002
 9.57411827e-001 2.82522755e+002 6.94297033e-310]|[-3.73263889e-004  1.20329409e-001  1.80332999e-010  8.03597579e-007
  9.99999196e-001  7.22718065e-003  6.94297033e-310]|[-3.60423177e-01  1.14855831e+00  1.91906064e-08  9.03302574e-05
  9.99909670e-01  8.05949390e-01  0.00000000e+00]|[5.63721720e+00 6.45293347e+00 3.10339079e-07 3.44211438e-03
 9.96557886e-01 4.12466778e+01 7.26180400e+00]|[1.01562500e-003 7.01560760e-002 5.81415191e-011 2.73165364e-007
 9.99999727e-001 2.46892678e-003 6.94299800e-310]|[-1.11185710e-02  6.48994176e-01  4.39190288e-08  2.67300081e-05
  9.99973270e-01  2.43226067e-01  7.26180400e+00]|[1.96744792e-02 5.66949990e-01 9.45403888e-08 3.74330947e-05
 9.99962567e-01 1.62141782e-01 0.00000000e+00]|[8.04378255e+00 9.22130636e+00 4.27450612e-07 7.52237235e-03
 9.92477628e-01 8.34691947e+01 7.26180400e+00]|[1.15326538e+01 1.30414488e+01 1.32472846e-06 4.38173539e-02
 9.56182646e-01 1.68100804e+02 7.26180400e+00]|[3.11271159e+00 3.58200924e+00 3.58979208e-07 1.76272030e-03
 9.98237280e-01 1.12874145e+01 7.26180400e+00]|[4.49333333e-002 8.92611649e-001 9.96553159e-007 6.68490962e-005
 9.99933151e-001 4.04155057e-001 6.94297033e-310]|[ 1.73674084e-002  5.40001178e-001  1.98237006e-008  3.33965349e-005
  9.99966603e-001  1.48049444e-001 -4.27586509e-193]|[2.08528646e-02 5.81356397e-01 1.05580896e-07 3.93596420e-05
 9.99960640e-01 1.70738117e-01 0.00000000e+00]|[6.05434163e+01 6.36766580e+01 2.51318635e-06 4.30804090e-01
 5.69195910e-01 4.05449179e+03 7.26180400e+00]|[5.17257778e+000 2.04832452e+001 8.26377415e-006 3.52020509e-002
 9.64797949e-001 2.23975585e+002 6.94297033e-310]|[6.93024089e+00 8.41301114e+00 1.04938872e-06 8.24269360e-03
 9.91757306e-01 6.10364019e+01 0.00000000e+00]|[5.62713623e+00 6.44109869e+00 3.09631124e-07 3.42950017e-03
 9.96570500e-01 4.11230460e+01 7.26180400e+00]|[2.29288737e-02 1.60693965e+00 8.97697894e-08 1.68281675e-04
 9.99831718e-01 1.29794801e+00 7.26180400e+00]|[-4.00797526e-03  6.51458200e-01  4.40156862e-08  2.69333640e-05
  9.99973067e-01  2.45007563e-01  7.26180400e+00]|[5.62455241e+00 6.43775125e+00 3.09469551e-07 3.42593647e-03
 9.96574064e-01 4.10902522e+01 7.26180400e+00]|[8.55446370e+00 9.76442284e+00 1.11409907e-06 1.30017834e-02
 9.86998217e-01 8.43869015e+01 7.26180400e+00]|[7.84488889e-001 1.53044060e+001 1.92751580e-006 1.29035538e-002
 9.87096446e-001 1.31957080e+002 6.94297033e-310]|[-7.58964844e-01  1.66482255e+00  3.09343080e-08  1.89785508e-04
  9.99810214e-01  1.79524860e+00  0.00000000e+00]|[1.04035441e+00 4.44757169e+00 8.46165730e-08 1.04098998e-03
 9.98959010e-01 9.69579991e+00 7.26180400e+00]|[-7.59752604e-001  2.08475993e+000  3.33535174e-008  2.97604333e-004
  9.99702396e-001  2.56037701e+000  3.23593235e-319]|[5.62068685e+00 6.43595596e+00 3.09194046e-07 3.42402597e-03
 9.96575974e-01 4.10634156e+01 7.26180400e+00]|[2.17187500e-02 5.73321826e-01 9.93150178e-08 3.82792288e-05
 9.99961721e-01 1.66290419e-01 0.00000000e+00]|[1.03158569e+00 3.50922885e+00 6.92131658e-08 6.48073131e-04
 9.99351927e-01 6.47137847e+00 7.26180400e+00]|[-1.77715556e+01  1.89215887e+01  8.35108324e-07  1.85885638e-02
  9.81411436e-01  3.57795755e+02  7.26180400e+00]|[3.59155273e+00 3.87401281e+00 1.42645990e-07 8.17433358e-04
 9.99182567e-01 1.48463569e+01 7.26180400e+00]|[8.59791667e-01 4.21307489e+00 3.42629481e-07 1.89813317e-03
 9.98101867e-01 9.11347241e+00 0.00000000e+00]|[1.07598877e+00 1.45553815e+00 8.37194127e-08 2.91056424e-04
 9.99708944e-01 1.95729311e+00 7.26180400e+00]|[8.50625000e-01 4.03382831e+00 3.29410057e-07 1.74005566e-03
 9.98259944e-01 8.41491089e+00 0.00000000e+00]|[9.88195801e+00 1.17030476e+01 1.26692500e-06 1.86770258e-02
 9.81322974e-01 1.16409332e+02 7.26180400e+00]|[8.87965902e+00 1.09742648e+01 8.25118397e-07 3.10273969e-02
 9.68972603e-01 1.19619834e+02 7.26180400e+00]|[1.22375488e-02 7.40121851e-01 8.65678357e-08 3.56980213e-05
 9.99964302e-01 3.13886093e-01 7.26180400e+00]|[4.86246745e-03 7.36297904e-01 8.63791236e-08 3.53300961e-05
 9.99964670e-01 3.11023638e-01 7.26180400e+00]|[8.00355556e-001 8.30206400e+000 1.38221137e-006 3.79706938e-003
 9.96202931e-001 6.73240789e+001 6.94297033e-310]|[-1.62502035e+00  9.77024266e+00  5.89046696e-07  6.09095101e-03
  9.93909049e-01  9.47851850e+01  7.26180400e+00]|[1.08561169e+001 1.16159466e+001 3.03853740e-007 1.54532992e-002
 9.84546701e-001 1.32637604e+002 6.94299800e-310]|[6.15169169e+01 6.46917544e+01 2.54376053e-06 4.44648827e-01
 5.55351173e-01 4.18484146e+03 7.26180400e+00]|[3.59291585e+00 3.87525201e+00 1.42737096e-07 8.17956393e-04
 9.99182044e-01 1.48541477e+01 7.26180400e+00]|[-1.31225586e-03  1.13324794e+00  4.50490866e-08  8.15018314e-05
  9.99918498e-01  6.59357932e-01  7.26180400e+00]|[6.93008464e+00 8.03418842e+00 1.04354595e-06 7.51709872e-03
 9.92482901e-01 5.83248791e+01 0.00000000e+00]|[ 1.39421619e+001  1.47582183e+001  3.40723627e-007  2.49447902e-002
  9.75055210e-001  2.16340095e+002 -7.55488927e-252]|[-1.62636312e+00  1.00637555e+01  5.98311549e-07  6.46241078e-03
  9.93537589e-01  9.75673332e+01  7.26180400e+00]|[8.04496257e+00 9.10458417e+00 4.24467718e-07 7.33314302e-03
 9.92666857e-01 8.24215552e+01 7.26180400e+00]|[8.04209391e+00 9.41429374e+00 4.33109178e-07 7.84052988e-03
 9.92159470e-01 8.51756895e+01 7.26180400e+00]|[2.95138889e-003 3.73131921e-001 7.67424708e-010 7.72715922e-006
 9.99992273e-001 7.68207608e-002 1.60225653e+118]|[5.61643473e+00 6.43315141e+00 3.08913077e-07 3.42104249e-03
 9.96578958e-01 4.10279303e+01 7.26180400e+00]|[6.15102844e+01 6.46818465e+01 2.54362450e-06 4.44512637e-01
 5.55487363e-01 4.18358422e+03 7.26180400e+00]|[6.46222222e-002 9.50882631e-001 1.21513642e-006 7.58619966e-005
 9.99924138e-001 4.52862333e-001 6.94297033e-310]|[-1.62917074e+00  1.05639956e+01  6.11802325e-07  7.12083342e-03
  9.92879167e-01  1.02339442e+02  7.26180400e+00]|[ 1.66378930e-002  5.37570993e-001  1.91388058e-008  3.30966204e-005
  9.99966903e-001  1.46735783e-001 -5.53141112e-203]|[1.08237712e+00 1.46181458e+00 8.57204307e-08 2.93571965e-04
 9.99706428e-01 1.96782235e+00 7.26180400e+00]|[6.18489583e-03 7.46833049e-01 6.05830188e-08 2.58968585e-05
 9.99974103e-01 2.87042526e-01 7.26180400e+00]|[8.04299927e+00 9.10275777e+00 4.24339140e-07 7.33020122e-03
 9.92669799e-01 8.23941785e+01 7.26180400e+00]|[1.14847819e-02 7.39420555e-01 5.97704712e-08 2.53853448e-05
 9.99974615e-01 2.80731394e-01 7.26180400e+00]|[3.61034139e+00 3.89952416e+00 1.43930915e-07 8.28234814e-04
 9.99171765e-01 1.49963300e+01 7.26180400e+00]|[1.29699707e-02 2.55187672e+00 5.36216698e-08 4.13272845e-04
 9.99586727e-01 3.13249648e+00 7.26180400e+00]|[1.24409993e-02 7.50779489e-01 6.10580943e-08 2.61712717e-05
 9.99973829e-01 2.89705806e-01 7.26180400e+00]|[7.49989827e-01 1.19843597e+00 7.21689227e-08 1.95857156e-04
 9.99804143e-01 1.22945391e+00 7.26180400e+00]|[2.03559028e-03 1.77205840e-01 1.97509538e-10 1.74281429e-06
 9.99998257e-01 1.67732852e-02 1.31203040e+40]|[9.90804036e-03 7.36436048e-01 5.94116054e-08 2.51808337e-05
 9.99974819e-01 2.78233092e-01 7.26180400e+00]|[7.59911111e-001 8.27622566e+000 1.38147478e-006 3.77347108e-003
 9.96226529e-001 6.69118141e+001 6.94297033e-310]|[7.45320638e-01 1.19765056e+00 7.20897914e-08 1.95600525e-04
 9.99804399e-01 1.22667881e+00 7.26180400e+00]|[8.04532878e+00 9.47708525e+00 4.34999374e-07 7.94546830e-03
 9.92054532e-01 8.57518942e+01 7.26180400e+00]|[8.55632528e+00 9.17557366e+00 1.09672774e-06 1.14809077e-02
 9.88519092e-01 7.96058691e+01 7.26180400e+00]|[-1.77684631e+01  1.89186332e+01  8.34946944e-07  1.85827573e-02
  9.81417243e-01  3.57673248e+02  7.26180400e+00]|[3.59377035e+00 3.87560112e+00 1.42811009e-07 8.18103774e-04
 9.99181896e-01 1.48569469e+01 7.26180400e+00]|[-1.77626343e+01  1.89155124e+01  8.34729266e-07  1.85766270e-02
  9.81423373e-01  3.57491261e+02  7.26180400e+00]|[-4.08935547e-03  6.65638449e-01  4.44424976e-08  2.81186386e-05
  9.99971881e-01  2.54020824e-01  7.26180400e+00]|[2.12890625e-03 4.60956038e-01 1.18813256e-08 1.45494362e-05
 9.99985451e-01 1.07899966e-01 0.00000000e+00]|[3.59636434e+00 3.87998855e+00 1.43019418e-07 8.19957114e-04
 9.99180043e-01 1.48791658e+01 7.26180400e+00]|[8.03728231e+00 9.09959463e+00 4.23864481e-07 7.32510773e-03
 9.92674892e-01 8.23325371e+01 7.26180400e+00]|[5.91555556e-002 9.18331821e-001 1.03298131e-006 7.07570480e-005
 9.99929243e-001 4.30778554e-001 6.94297033e-310]|[1.26953125e-03 8.60440627e-01 1.31322498e-08 5.06954480e-05
 9.99949305e-01 3.65899094e-01 0.00000000e+00]|[ 1.62251790e-002  5.39225573e-001  1.96043792e-008  3.33006688e-005
  9.99966699e-001  1.47634022e-001 -3.60075180e-226]|[-5.59488932e-04  1.42675659e+00  4.66512864e-08  1.29186539e-04
  9.99870813e-01  1.01781942e+00  7.26180400e+00]|[5.98144531e-03 2.11209797e+00 5.03790911e-08 2.83103742e-04
 9.99716896e-01 2.16028699e+00 7.26180400e+00]|[7.81777778e-001 1.45099414e+001 1.84437639e-006 1.15986568e-002
 9.88401343e-001 1.24198210e+002 6.94297033e-310]|[6.15118713e+01 6.46841224e+01 2.54365806e-06 4.44543920e-01
 5.55456080e-01 4.18387517e+03 7.26180400e+00]|[6.50144450e+00 8.15235404e+00 9.06455935e-07 9.06308048e-03
 9.90936920e-01 5.34960544e+01 7.26180400e+00]|[1.02020264e+00 1.31070065e+00 5.14213984e-08 9.04081673e-05
 9.99909592e-01 1.56315895e+00 7.26180400e+00]|[1.15966797e-03 1.96405794e+00 4.90800850e-08 2.44808269e-04
 9.99755192e-01 1.87926327e+00 7.26180400e+00]|[8.33333333e-04 5.44336370e-01 5.46267042e-08 3.16856796e-05
 9.99968314e-01 1.50756675e-01 0.00000000e+00]|[5.24912516e-01 1.81930352e+00 1.17501167e-07 1.53677522e-04
 9.99846322e-01 1.85810793e+00 7.26180400e+00]|[7.88844444e-001 8.28196166e+000 1.38199866e-006 3.77870344e-003
 9.96221297e-001 6.70476417e+001 6.94297033e-310]|[1.03209432e+00 2.47158123e+00 5.96800874e-08 3.21477374e-04
 9.99678523e-01 3.66966488e+00 7.26180400e+00]|[1.03680420e+00 3.71593414e+00 7.16374881e-08 7.26669028e-04
 9.99273331e-01 7.13834147e+00 7.26180400e+00]|[1.02607218e+00 1.32008519e+00 5.16275446e-08 9.17074368e-05
 9.99908293e-01 1.58587523e+00 7.26180400e+00]|[-1.77702637e+01  1.89201385e+01  8.35035346e-07  1.85857144e-02
  9.81414286e-01  3.57739254e+02  7.26180400e+00]|[-1.77471822e+01  1.89047625e+01  8.34126568e-07  1.85555183e-02
  9.81444482e-01  3.57006887e+02  7.26180400e+00]|[1.08153280e+00 1.45510128e+00 8.28288964e-08 2.90881734e-04
 9.99709118e-01 1.95742623e+00 7.26180400e+00]|[6.15034790e+01 6.46726660e+01 2.54347716e-06 4.44386464e-01
 5.55613536e-01 4.18238778e+03 7.26180400e+00]|[3.18142361e-03 2.85431873e-01 4.69776209e-10 4.52168170e-06
 9.99995478e-01 4.45493139e-02 0.00000000e+00]|[7.52034505e-01 1.20783372e+00 7.33350309e-08 1.98940898e-04
 9.99801059e-01 1.24210035e+00 7.26180400e+00]|[9.78053792e+00 1.16368615e+01 1.03037533e-06 3.48872064e-02
 9.65112794e-01 1.34261205e+02 7.26180400e+00]|[1.42415365e-02 8.71446934e-01 6.14066963e-08 3.52599685e-05
 9.99964740e-01 3.86374385e-01 7.26180400e+00]|[1.41493056e-03 1.46338411e-01 1.32086105e-10 1.18853431e-06
 9.99998811e-01 1.11596474e-02 0.00000000e+00]|[6.15142924e+01 6.46881168e+01 2.54370268e-06 4.44598825e-01
 5.55401175e-01 4.18438013e+03 7.26180400e+00]|[1.40482585e-02 1.07437736e+00 8.67077804e-08 7.52231272e-05
 9.99924777e-01 6.11054141e-01 7.26180400e+00]|[6.15176595e+01 6.46934879e+01 2.54376840e-06 4.44672658e-01
 5.55327342e-01 4.18505633e+03 7.26180400e+00]|[-5.47281901e-03  6.40037205e-01  4.36557740e-08  2.59972811e-05
  9.99974003e-01  2.38040801e-01  7.26180400e+00]|[6.15268351e+01 6.47068961e+01 2.54395810e-06 4.44857000e-01
 5.55143000e-01 4.18677734e+03 7.26180400e+00]|[1.01964969e+01 1.08065575e+01 2.95107914e-07 1.33747826e-02
 9.86625217e-01 1.15922185e+02 0.00000000e+00]|[8.57265625e-01 2.82495852e+00 2.59628598e-07 8.53399670e-04
 9.99146600e-01 4.26915790e+00 0.00000000e+00]|[1.02704875e+00 1.31638114e+00 5.15367135e-08 9.11935107e-05
 9.99908806e-01 1.58437564e+00 7.26180400e+00]|[8.88401286e+00 1.09225875e+01 8.32929773e-07 3.07358715e-02
 9.69264129e-01 1.19108541e+02 7.26180400e+00]|[3.59638468e+00 3.88011439e+00 1.43011976e-07 8.20010304e-04
 9.99179990e-01 1.48802823e+01 7.26180400e+00]|[-6.04166667e-03  5.21316443e-01  5.12071550e-08  2.90623793e-05
  9.99970938e-01  1.37481844e-01  0.00000000e+00]|[6.15149841e+01 6.46896381e+01 2.54371118e-06 4.44619736e-01
 5.55380264e-01 4.18456621e+03 7.26180400e+00]|[-1.62929281e+00  9.97297067e+00  5.95441041e-07  6.34634226e-03
  9.93653658e-01  9.67228949e+01  7.26180400e+00]|[1.03861491e-02 7.51050425e-01 8.71275561e-08 3.67600323e-05
 9.99963240e-01 3.22554658e-01 7.26180400e+00]|[6.15151571e+01 6.46890554e+01 2.54372476e-06 4.44611726e-01
 5.55388274e-01 4.18450157e+03 7.26180400e+00]|[1.53198242e-02 1.10913656e+00 8.72417144e-08 8.01692345e-05
 9.99919831e-01 6.46511216e-01 7.26180400e+00]|[9.62320964e-03 7.30319030e-01 8.60496091e-08 3.47586520e-05
 9.99965241e-01 3.06819408e-01 7.26180400e+00]|[6.92994792e+00 7.57523721e+00 1.03816458e-06 6.68280365e-03
 9.93317196e-01 5.50774390e+01 0.00000000e+00]|[-2.70833333e-03  5.65409144e-01  5.72447697e-08  3.41864477e-05
  9.99965814e-01  1.62552886e-01  0.00000000e+00]|[-4.87263997e-03  6.35819438e-01  4.35690658e-08  2.56557723e-05
  9.99974344e-01  2.35469048e-01  7.26180400e+00]|[1.18489583e-03 4.58768733e-01 1.18463759e-08 1.44116853e-05
 9.99985588e-01 1.06849625e-01 0.00000000e+00]|[-1.77543640e+01  1.89076061e+01  8.34330049e-07  1.85611009e-02
  9.81438899e-01  3.57178442e+02  7.26180400e+00]|[-2.41927083e-02  5.40134050e-01  5.44642317e-08  3.11983361e-05
  9.99968802e-01  1.48376291e-01  0.00000000e+00]|[1.69052851e-02 5.37916905e-01 1.91603941e-08 3.31392276e-05
 9.99966861e-01 1.46976608e-01 0.00000000e+00]|[-4.73453333e+000  1.80677109e+001  2.42021895e-006  1.79838489e-002
  9.82016151e-001  1.52052925e+002  6.94297033e-310]|[2.54239909e+00 2.98462723e+00 2.72943850e-07 1.22379929e-03
 9.98776201e-01 7.79123603e+00 7.26180400e+00]|[-7.46527778e-04  1.51382518e-01  2.88651918e-10  1.27188106e-06
  9.99998728e-01  1.13836272e-02  0.00000000e+00]|[6.27278646e+00 6.96670461e+00 3.87993461e-07 4.01204427e-03
 9.95987956e-01 4.77819570e+01 7.26180400e+00]|[8.88013713e+00 1.09203749e+01 8.20052961e-07 3.07234203e-02
 9.69276580e-01 1.19074641e+02 7.26180400e+00]|[7.30520000e+000 1.68633633e+001 7.90153241e-006 2.38593624e-002
 9.76140638e-001 1.78909386e+002 6.94297033e-310]|[8.04348755e+00 9.10432998e+00 4.24260990e-07 7.33273356e-03
 9.92667266e-01 8.24093006e+01 7.26180400e+00]|[1.08268229e+00 1.45835193e+00 8.45221398e-08 2.92182827e-04
 9.99707817e-01 1.96241079e+00 7.26180400e+00]|[-4.86979167e-03  5.26015882e-01  5.25192240e-08  2.95887103e-05
  9.99970411e-01  1.41280605e-01  0.00000000e+00]|[3.59399414e+00 3.88007113e+00 1.42782138e-07 8.19992020e-04
 9.99180008e-01 1.48751667e+01 7.26180400e+00]|[7.85813395e+00 8.68927613e+00 1.02891763e-06 1.02962000e-02
 9.89703800e-01 6.90767659e+01 7.26180400e+00]|[7.59822222e+000 1.43487421e+001 7.50235921e-006 1.72742062e-002
 9.82725794e-001 1.39336972e+002 6.94297033e-310]|[8.87967936e+00 1.09575514e+01 8.22472223e-07 3.09329613e-02
 9.69067039e-01 1.19441249e+02 7.26180400e+00]|[2.54209391e+00 2.90946842e+00 2.70144126e-07 1.16293998e-03
 9.98837060e-01 7.56627028e+00 7.26180400e+00]|[2.54282633e+00 3.51634541e+00 2.99434609e-07 1.69868582e-03
 9.98301314e-01 9.54146553e+00 7.26180400e+00]|[1.05895996e-02 7.58382786e-01 6.18222159e-08 2.67040394e-05
 9.99973296e-01 2.95226729e-01 7.26180400e+00]|[5.62423706e+00 6.44040928e+00 3.09369293e-07 3.42876607e-03
 9.96571234e-01 4.11091368e+01 7.26180400e+00]|[7.91200000e-001 8.28716813e+000 1.38207589e-006 3.78345591e-003
 9.96216544e-001 6.71321413e+001 6.94297033e-310]|[1.81886800e+00 2.71811759e+00 2.02301101e-07 1.01500104e-03
 9.98984999e-01 5.53477407e+00 7.26180400e+00]|[4.09791111e+000 2.59553625e+001 8.71445885e-006 5.65229263e-002
 9.43477074e-001 2.44345496e+002 6.94297033e-310]|[2.76692708e-003 4.76115740e-001 1.21494421e-008 1.55221626e-005
 9.99984478e-001 1.14854435e-001 9.13695757e-317]|[-9.57031250e-04  4.65103875e-01  1.19539572e-08  1.48124557e-05
  9.99985188e-01  1.09855512e-01  0.00000000e+00]|[8.04274495e+00 9.10225096e+00 4.24307486e-07 7.32938500e-03
 9.92670615e-01 8.23873224e+01 7.26180400e+00]|[1.27386722e+01 1.35228285e+01 3.26682149e-07 2.09433945e-02
 9.79056606e-01 1.81220405e+02 0.00000000e+00]|[1.21184111e+01 1.28084158e+01 3.19239697e-07 1.87889639e-02
 9.81211036e-01 1.63325408e+02 0.00000000e+00]|[7.42607527e-03 5.51880339e+00 2.69932595e-07 1.32452384e-03
 9.98675476e-01 1.51555774e+01 0.00000000e+00]|[2.59064738e+01 2.67142685e+01 9.62287129e-07 2.65868383e-02
 9.73413162e-01 6.97958550e+02 1.77635684e-14]|[9.47623698e-001 7.35385342e+000 3.20500866e-007 3.70302878e-003
 9.96296971e-001 4.05042102e+001 9.96564795e-317]|[1.76827799e+01 1.88686254e+01 1.55705169e-06 5.36904333e-02
 9.46309567e-01 3.42268253e+02 1.77635684e-14]|[1.04176270e+001 1.40574497e+001 1.38036118e-007 1.12194940e-002
 9.88780506e-001 1.79731850e+002 1.67982320e-322]|[8.47981771e+00 1.01256691e+01 6.00564540e-07 8.78052654e-03
 9.91219473e-01 8.77962858e+01 1.77635684e-14]|[-7.37556883e+00  9.16020730e+00  1.03392036e-08  3.62074939e-03
  9.96379251e-01  7.46799266e+01  4.85301963e-01]|[ 5.97377014e+00  8.40407787e+00  7.93844537e-07  3.92821394e-03
  9.96071786e-01  5.81875478e+01 -3.19669914e+00]|[1.06532898e+01 1.38906127e+01 5.32901674e-08 1.08998354e-02
 9.89100165e-01 1.75994983e+02 0.00000000e+00]|[5.45728666e+00 8.34391566e+00 2.71885311e-07 1.03697732e-02
 9.89630227e-01 5.57840208e+01 0.00000000e+00]|[3.72308819e+000 1.01919065e+001 3.49902060e-007 6.84151485e-003
 9.93158485e-001 9.07109905e+001 9.96443057e-317]|[6.75685628e+00 8.73652934e+00 6.86766580e-07 8.89548020e-03
 9.91104520e-01 6.21690200e+01 0.00000000e+00]|[7.46946364e+00 1.18476047e+01 4.69436612e-07 7.26978392e-03
 9.92730216e-01 1.26505520e+02 0.00000000e+00]|[4.02601115e+00 8.25669574e+00 7.86047119e-07 5.29876352e-03
 9.94701236e-01 5.39544356e+01 0.00000000e+00]|[1.67461039e+01 1.76185464e+01 2.26795060e-06 2.51295559e-02
 9.74870444e-01 2.95098319e+02 0.00000000e+00]|[1.00210470e+01 1.25312975e+01 2.33473444e-06 1.69425562e-02
 9.83057444e-01 1.42777448e+02 0.00000000e+00]|[5.08560181e+00 8.45131067e+00 8.46822294e-07 4.72586779e-03
 9.95274132e-01 5.69697700e+01 0.00000000e+00]|[5.24654134e+00 7.99700872e+00 4.86926157e-07 3.52443698e-03
 9.96475563e-01 4.93960943e+01 0.00000000e+00]|[1.01846212e+01 1.19430926e+01 8.06478116e-07 1.32685124e-02
 9.86731488e-01 1.28164036e+02 0.00000000e+00]|[9.60323079e+00 1.10424402e+01 9.80853716e-07 1.76121577e-02
 9.82387842e-01 1.06674556e+02 0.00000000e+00]|[5.51215617e+00 8.93558935e+00 1.04839955e-06 7.85491372e-03
 9.92145086e-01 6.55053893e+01 0.00000000e+00]|[9.53664144e+00 1.10877937e+01 9.24797035e-07 1.90926167e-02
 9.80907383e-01 1.08876944e+02 0.00000000e+00]|[8.03650920e+00 9.73329388e+00 7.53800062e-07 7.68168727e-03
 9.92318313e-01 7.94564925e+01 0.00000000e+00]|[7.04072062e+00 9.48861655e+00 1.02876482e-06 8.66183660e-03
 9.91338163e-01 7.54059099e+01 0.00000000e+00]|[2.94934692e+01 3.25199708e+01 2.79693779e-06 1.36884635e-01
 8.63115365e-01 1.04249112e+03 0.00000000e+00]|[1.40937297e+01 1.52645541e+01 2.03616253e-06 6.98294210e-02
 9.30170579e-01 2.18440185e+02 0.00000000e+00]|[5.72589111e+00 8.01264209e+00 4.22495076e-07 3.48753862e-03
 9.96512461e-01 4.93223442e+01 0.00000000e+00]|[3.08605556e+00 9.63137523e+00 2.25937039e-06 6.15239025e-03
 9.93847610e-01 7.90473780e+01 0.00000000e+00]|[5.09345500e+00 7.98055256e+00 5.87403287e-07 4.30080434e-03
 9.95699196e-01 4.89259934e+01 0.00000000e+00]|[1.05593770e+01 1.20430226e+01 8.84798101e-07 1.39866172e-02
 9.86013383e-01 1.30189555e+02 0.00000000e+00]|[7.41401164e+00 9.28718037e+00 4.42943092e-07 3.31747785e-03
 9.96682522e-01 7.15680425e+01 0.00000000e+00]|[1.23059591e+01 1.35460764e+01 1.60659661e-06 3.23502079e-02
 9.67649792e-01 1.68660922e+02 0.00000000e+00]|[5.17773482e+00 9.80150085e+00 2.70501354e-07 7.66591230e-03
 9.92334088e-01 8.20743604e+01 0.00000000e+00]|[5.50159709e+00 7.76986347e+00 5.20677751e-07 8.81858682e-03
 9.91181413e-01 4.55240385e+01 0.00000000e+00]|[3.35037231e+00 7.54386653e+00 5.95196149e-07 2.87488633e-03
 9.97125114e-01 4.24656194e+01 0.00000000e+00]|[7.38693333e+000 9.61065150e+000 3.98436448e-006 1.36399020e-002
 9.86360098e-001 7.79281072e+001 6.94297033e-310]|[1.05309980e+01 1.32690869e+01 3.40974448e-06 2.05293143e-02
 9.79470686e-01 1.61971734e+02 0.00000000e+00]|[4.05455078e+00 9.37691682e+00 6.73246795e-07 4.56477347e-03
 9.95435227e-01 7.41626499e+01 0.00000000e+00]|[ 7.08264262e+01  8.58298500e+01  4.74866773e-06  1.15261149e+00
 -1.52611492e-01  6.97664992e+03  6.46410162e+00]|[4.08958944e+00 4.82518937e+01 1.87899882e-06 1.28677274e-01
 8.71322726e-01 1.60882060e+03 6.46410162e+00]|[1.87839886e+01 6.21249401e+01 4.77671068e-06 2.60648789e-01
 7.39351211e-01 3.40245650e+03 0.00000000e+00]|[-1.31927490e-01  5.64600225e+01  2.22623633e-06  1.63332539e-01
  8.36667461e-01  2.57341728e+03  1.42108547e-14]|[2.16872762e+01 5.74106200e+01 2.81638158e-06 2.59554255e-01
 7.40445745e-01 2.69172485e+03 1.42108547e-14]|[1.10794067e+01 2.69593320e+01 1.33071826e-06 4.20268967e-02
 9.57973103e-01 5.49571085e+02 1.42108547e-14]|[1.10050223e+001 3.13699185e+001 2.43026774e-007 6.69376233e-002
 9.33062377e-001 8.95228686e+002 1.01475076e-316]|[-2.17501878e+00  3.30942358e+01  5.78322023e-07  4.61542730e-02
  9.53845727e-01  9.58460994e+02  0.00000000e+00]|[2.08217977e+01 3.15124419e+01 1.78369604e-06 9.35618631e-02
 9.06438137e-01 8.09870078e+02 1.42108547e-14]|[1.22072550e+01 2.58381443e+01 1.19563656e-06 4.31202195e-02
 9.56879781e-01 5.00055801e+02 1.42108547e-14]|[0.00000000e+00 0.00000000e+00 0.00000000e+00 0.00000000e+00
 1.00000000e+00 0.00000000e+00 1.42108547e-14]|[0.00000000e+00 0.00000000e+00 0.00000000e+00 0.00000000e+00
 1.00000000e+00 0.00000000e+00 1.42108547e-14]|[0.00000000e+00 0.00000000e+00 0.00000000e+00 0.00000000e+00
 1.00000000e+00 0.00000000e+00 1.42108547e-14]|[0.00000000e+00 0.00000000e+00 0.00000000e+00 0.00000000e+00
 1.00000000e+00 0.00000000e+00 1.42108547e-14]|[0.00000000e+00 0.00000000e+00 0.00000000e+00 0.00000000e+00
 1.00000000e+00 0.00000000e+00 1.42108547e-14]|[0.00000000e+00 0.00000000e+00 0.00000000e+00 0.00000000e+00
 1.00000000e+00 0.00000000e+00 1.42108547e-14]|[0. 0. 0. 0. 1. 0. 0.]|[0.00000000e+00 0.00000000e+00 0.00000000e+00 0.00000000e+00
 1.00000000e+00 0.00000000e+00 1.42108547e-14]|[0.00000000e+00 0.00000000e+00 0.00000000e+00 0.00000000e+00
 1.00000000e+00 0.00000000e+00 1.42108547e-14]|[0.00000000e+00 0.00000000e+00 0.00000000e+00 0.00000000e+00
 1.00000000e+00 0.00000000e+00 1.42108547e-14]|[0.00000000e+00 0.00000000e+00 0.00000000e+00 0.00000000e+00
 1.00000000e+00 0.00000000e+00 1.42108547e-14]|[0.00000000e+00 0.00000000e+00 0.00000000e+00 0.00000000e+00
 1.00000000e+00 0.00000000e+00 1.42108547e-14]|[0.00000000e+00 0.00000000e+00 0.00000000e+00 0.00000000e+00
 1.00000000e+00 0.00000000e+00 1.42108547e-14]|[0. 0. 0. 0. 1. 0. 0.]|[0.00000000e+00 0.00000000e+00 0.00000000e+00 0.00000000e+00
 1.00000000e+00 0.00000000e+00 1.42108547e-14]|[0. 0. 0. 0. 1. 0. 0.]|[0.00000000e+00 0.00000000e+00 0.00000000e+00 0.00000000e+00
 1.00000000e+00 0.00000000e+00 1.42108547e-14]|[0. 0. 0. 0. 1. 0. 0.]|[0. 0. 0. 0. 1. 0. 0.]|[0.00000000e+00 0.00000000e+00 0.00000000e+00 0.00000000e+00
 1.00000000e+00 0.00000000e+00 1.42108547e-14]|[0.00000000e+000 0.00000000e+000 0.00000000e+000 0.00000000e+000
 1.00000000e+000 0.00000000e+000 2.06034259e-225]|[0.00000000e+00 0.00000000e+00 0.00000000e+00 0.00000000e+00
 1.00000000e+00 0.00000000e+00 1.42108547e-14]|[0.00000000e+000 0.00000000e+000 0.00000000e+000 0.00000000e+000
 1.00000000e+000 0.00000000e+000 6.94299636e-310]|[0.00000000e+00 0.00000000e+00 0.00000000e+00 0.00000000e+00
 1.00000000e+00 0.00000000e+00 1.42108547e-14]|[0.00000000e+00 0.00000000e+00 0.00000000e+00 0.00000000e+00
 1.00000000e+00 0.00000000e+00 1.42108547e-14]|[0. 0. 0. 0. 1. 0. 0.]|[0. 0. 0. 0. 1. 0. 0.]|[0.00000000e+00 0.00000000e+00 0.00000000e+00 0.00000000e+00
 1.00000000e+00 0.00000000e+00 1.42108547e-14]|[0.00000000e+00 0.00000000e+00 0.00000000e+00 0.00000000e+00
 1.00000000e+00 0.00000000e+00 1.42108547e-14]|[0.00000000e+00 0.00000000e+00 0.00000000e+00 0.00000000e+00
 1.00000000e+00 0.00000000e+00 1.42108547e-14]|[0.00000000e+00 0.00000000e+00 0.00000000e+00 0.00000000e+00
 1.00000000e+00 0.00000000e+00 1.42108547e-14]|[0.00000000e+00 0.00000000e+00 0.00000000e+00 0.00000000e+00
 1.00000000e+00 0.00000000e+00 1.42108547e-14]|[0.00000000e+00 0.00000000e+00 0.00000000e+00 0.00000000e+00
 1.00000000e+00 0.00000000e+00 1.42108547e-14]|[0.00000000e+00 0.00000000e+00 0.00000000e+00 0.00000000e+00
 1.00000000e+00 0.00000000e+00 1.42108547e-14]|[0.00000000e+00 0.00000000e+00 0.00000000e+00 0.00000000e+00
 1.00000000e+00 0.00000000e+00 1.42108547e-14]|[0.00000000e+00 0.00000000e+00 0.00000000e+00 0.00000000e+00
 1.00000000e+00 0.00000000e+00 1.42108547e-14]|[0. 0. 0. 0. 1. 0. 0.]|[0.00000000e+00 0.00000000e+00 0.00000000e+00 0.00000000e+00
 1.00000000e+00 0.00000000e+00 1.42108547e-14]|[0.00000000e+00 0.00000000e+00 0.00000000e+00 0.00000000e+00
 1.00000000e+00 0.00000000e+00 1.42108547e-14]|[0.00000000e+00 0.00000000e+00 0.00000000e+00 0.00000000e+00
 1.00000000e+00 0.00000000e+00 1.42108547e-14]|[0.00000000e+00 0.00000000e+00 0.00000000e+00 0.00000000e+00
 1.00000000e+00 0.00000000e+00 1.42108547e-14]|[0.00000000e+00 0.00000000e+00 0.00000000e+00 0.00000000e+00
 1.00000000e+00 0.00000000e+00 1.42108547e-14]|[0.00000000e+00 0.00000000e+00 0.00000000e+00 0.00000000e+00
 1.00000000e+00 0.00000000e+00 1.42108547e-14]|[0.00000000e+00 0.00000000e+00 0.00000000e+00 0.00000000e+00
 1.00000000e+00 0.00000000e+00 1.42108547e-14]|[0. 0. 0. 0. 1. 0. 0.]|[0.00000000e+00 0.00000000e+00 0.00000000e+00 0.00000000e+00
 1.00000000e+00 0.00000000e+00 1.42108547e-14]|[0. 0. 0. 0. 1. 0. 0.]|[0.00000000e+00 0.00000000e+00 0.00000000e+00 0.00000000e+00
 1.00000000e+00 0.00000000e+00 1.42108547e-14]|[0.00000000e+00 0.00000000e+00 0.00000000e+00 0.00000000e+00
 1.00000000e+00 0.00000000e+00 1.42108547e-14]|[0.00000000e+00 0.00000000e+00 0.00000000e+00 0.00000000e+00
 1.00000000e+00 0.00000000e+00 1.42108547e-14]|[0.00000000e+00 0.00000000e+00 0.00000000e+00 0.00000000e+00
 1.00000000e+00 0.00000000e+00 1.42108547e-14]|[0. 0. 0. 0. 1. 0. 0.]|[0.00000000e+00 0.00000000e+00 0.00000000e+00 0.00000000e+00
 1.00000000e+00 0.00000000e+00 1.42108547e-14]|[0.00000000e+00 0.00000000e+00 0.00000000e+00 0.00000000e+00
 1.00000000e+00 0.00000000e+00 1.42108547e-14]|[0.00000000e+000 0.00000000e+000 0.00000000e+000 0.00000000e+000
 1.00000000e+000 0.00000000e+000 6.94297033e-310]|[0. 0. 0. 0. 1. 0. 0.]|[0.00000000e+00 0.00000000e+00 0.00000000e+00 0.00000000e+00
 1.00000000e+00 0.00000000e+00 1.42108547e-14]|[0. 0. 0. 0. 1. 0. 0.]|[0. 0. 0. 0. 1. 0. 0.]|[0.00000000e+00 0.00000000e+00 0.00000000e+00 0.00000000e+00
 1.00000000e+00 0.00000000e+00 1.42108547e-14]|[0.00000000e+00 0.00000000e+00 0.00000000e+00 0.00000000e+00
 1.00000000e+00 0.00000000e+00 1.42108547e-14]|[0.         0.         0.         0.         1.         0.
 0.63412124]|[0. 0. 0. 0. 1. 0. 0.]|[0. 0. 0. 0. 1. 0. 0.]|[0. 0. 0. 0. 1. 0. 0.]|[0. 0. 0. 0. 1. 0. 0.]|[0. 0. 0. 0. 1. 0. 0.]|[0. 0. 0. 0. 1. 0. 0.]|[0. 0. 0. 0. 1. 0. 0.]|[0. 0. 0. 0. 1. 0. 0.]|[0.00e+000 0.00e+000 0.00e+000 0.00e+000 1.00e+000 0.00e+000 6.21e-321]|[0. 0. 0. 0. 1. 0. 0.]|[0. 0. 0. 0. 1. 0. 0.]|[0. 0. 0. 0. 1. 0. 0.]|[0.         0.         0.         0.         1.         0.
 0.49594047]|[0. 0. 0. 0. 1. 0. 0.]|[0. 0. 0. 0. 1. 0. 0.]|[0. 0. 0. 0. 1. 0. 0.]|[0. 0. 0. 0. 1. 0. 0.]|[0. 0. 0. 0. 1. 0. 0.]|[0.        0.        0.        0.        1.        0.        0.6911242]|[0.       0.       0.       0.       1.       0.       7.261804]|[0.       0.       0.       0.       1.       0.       7.261804]|[0.       0.       0.       0.       1.       0.       7.261804]|